2733, 97, 3613, 44, 414, 602, 1181, 801, 1140, 325
2935, 939, 3782, 1910, 841, 1251, 1845, 1043, 1934, 359
3221, 965, 4354, 2034, 1128, 2247, 2124, 1180, 2360, 397
3623, 2650, 4717, 2256, 1398, 2513, 2397, 1932, 2828, 705
4335, 2747, 4806, 2806, 2284, 3299, 3645, 2969, 3007, 908
4897, 3273, 5399, 3184, 3320, 3621, 3748, 3326, 3886, 2125
5438, 4702, 5706, 3379, 3946, 3959, 4017, 4081, 4092, 2338
5904, 7341, 5845, 3476, 4109, 4099, 5849, 4559, 4863, 2700
6425, 7702, 6371, 3901, 4630, 4499, 6742, 5475, 4900, 3397
7366, 8710, 6464, 5185, 6292, 5049, 7221, 5516, 4983, 4704
7801, 8749, 7229, 5673, 7353, 5770, 7587, 5805, 5251, 4854
8101, 8874, 7738, 5811, 8272, 7233, 7789, 5969, 5251, 5213
8979, 9253, 9209, 6310, 9053, 7355, 8075, 6239, 5539, 5425
9890, 9907, 9728, 7422, 9440, 8100, 8216, 6374, 5858, 5463
10727, 9992, 9931, 8472, 9894, 8424, 8821, 6640, 7549, 5567
10878, 10157, 10078, 9247, 10196, 8970, 9089, 6667, 8024, 5752
11105, 10441, 12138, 9890, 10753, 9588, 10260, 7368, 8280, 6243
11241, 10684, 12883, 9910, 10888, 11798, 10712, 7618, 8389, 6750
11610, 10799, 12898, 10338, 11447, 12075, 11172, 8122, 8487, 6817
11665, 10817, 13553, 10568, 12754, 12583, 11452, 8321, 9410, 10738
12379, 11011, 14296, 11373, 13404, 13339, 11655, 8896, 9452, 10792
12845, 12252, 15239, 11683, 13761, 14398, 12656, 10313, 9900, 10913
14699, 12423, 15547, 12005, 13908, 15130, 12902, 10555, 10773, 12134
14837, 12798, 16697, 12346, 14867, 15190, 15506, 11355, 12326, 12134
14963, 12826, 16936, 12471, 15572, 17071, 15918, 11975, 12603, 12454
15616, 13830, 17208, 13201, 17296, 17884, 16352, 12901, 12934, 14460
15818, 14599, 17229, 13326, 18307, 18296, 17276, 15019, 13169, 14802
15916, 15691, 18624, 13630, 18581, 18753, 17483, 15143, 13788, 15588
16508, 16632, 19061, 14586, 18714, 19107, 18115, 16171, 14066, 16086
17382, 16783, 21308, 14795, 19371, 19304, 18200, 16210, 14366, 16809
17833, 16911, 21398, 15296, 19611, 19612, 18993, 17369, 15239, 17452
18139, 17272, 21533, 15720, 20212, 19919, 19632, 18348, 15242, 18178
18691, 18043, 22439, 15848, 20231, 20666, 19735, 19177, 15984, 19572
19398, 18610, 22743, 17056, 20353, 20802, 20068, 19275, 16266, 19776
19534, 18807, 23015, 17265, 22579, 22135, 20653, 19896, 17148, 20197
19996, 18914, 23033, 17374, 23855, 22181, 21338, 20157, 17238, 20497
20418, 19811, 23883, 17420, 24624, 22372, 21523, 20252, 17563, 21159
20921, 19824, 24238, 17445, 25525, 22806, 21819, 20990, 18281, 21279
21051, 20341, 24566, 17832, 25768, 23581, 23822, 21361, 19201, 21716
21178, 20377, 24627, 18190, 26851, 25507, 24026, 21558, 19463, 22297
21662, 21021, 24641, 22507, 26886, 26005, 24054, 22735, 19892, 24699
22528, 22398, 25630, 22591, 27400, 26334, 24176, 22924, 20064, 24783
23261, 22872, 25861, 23652, 27438, 26639, 24856, 26170, 21230, 24796
23804, 23166, 26061, 23799, 27542, 27232, 25062, 26691, 21393, 24932
23847, 23423, 26886, 24144, 29952, 28693, 25886, 26788, 21949, 25490
24179, 23616, 27641, 25333, 30193, 28983, 26218, 26913, 22095, 25834
24651, 24087, 29010, 26028, 35524, 29536, 26343, 27440, 22993, 25935
25181, 24424, 29590, 26622, 36024, 29642, 26598, 28505, 23096, 26242
25207, 25238, 29848, 26710, 36608, 29995, 26752, 28737, 23133, 26783
25592, 26060, 30775, 27178, 36957, 30091, 26993, 29301, 23336, 27001
26673, 26666, 31348, 27397, 36957, 30110, 28816, 29672, 23545, 27982
27225, 27133, 31474, 27505, 37001, 30223, 29378, 30001, 24192, 29542
27234, 27251, 31860, 27837, 37323, 31335, 29810, 30567, 24283, 30346
27437, 28018, 32242, 29425, 37734, 31884, 30895, 32857, 24547, 30429
27641, 33083, 32669, 29684, 37862, 32119, 31423, 35199, 24673, 30626
29243, 33377, 32775, 30924, 38757, 32468, 32023, 35479, 24962, 30908
29366, 33594, 32862, 31939, 40298, 32588, 33497, 35991, 25239, 31199
29472, 33816, 33012, 32245, 40619, 33395, 34262, 35992, 26735, 31330
29781, 34248, 33329, 32526, 40661, 35641, 34762, 36200, 27827, 31633
30276, 34548, 33432, 32537, 40980, 36226, 35039, 36663, 28124, 31929
30674, 34963, 33468, 33010, 41682, 36816, 35324, 37750, 28712, 32083
30770, 35757, 34883, 33037, 41965, 37493, 37688, 37980, 28919, 32287
30859, 36019, 35405, 33864, 42578, 37751, 38138, 38433, 29404, 32675
31343, 36772, 35720, 34057, 43120, 37889, 38485, 38869, 29775, 33034
31816, 37080, 36887, 34363, 43436, 38310, 40275, 39163, 30354, 33152
31952, 37230, 37441, 34894, 44055, 39609, 40546, 39351, 30658, 34882
32374, 37504, 39619, 35005, 44637, 40091, 40664, 40686, 31499, 36543
32819, 38051, 41614, 35586, 45131, 40633, 41197, 41269, 32025, 37623
33296, 38675, 41713, 36033, 45322, 40913, 42183, 42230, 32322, 37867
34181, 39135, 41973, 36904, 45959, 41222, 42674, 43396, 32895, 38423
34976, 39563, 42516, 37175, 48255, 41482, 43120, 44027, 33102, 39234
36265, 40841, 42830, 37488, 48429, 42198, 44648, 44146, 33390, 39677
36559, 40969, 45212, 37628, 49005, 42285, 44736, 44230, 35737, 40675
36719, 41443, 45483, 38143, 49329, 42384, 46736, 44492, 35846, 40937
37245, 43031, 46075, 38637, 49331, 43344, 47025, 45042, 36857, 41199
37367, 43119, 46552, 39158, 50391, 43614, 47348, 45217, 36940, 41303
37560, 43811, 47269, 39780, 51290, 43897, 47770, 45528, 37451, 41811
37827, 44077, 47776, 40395, 51406, 43908, 48386, 46079, 38563, 41942
37911, 45452, 48338, 42070, 51516, 43922, 48942, 46293, 38927, 42029
38721, 45899, 48427, 42367, 52334, 44051, 49852, 46496, 39203, 42168
38942, 46395, 48816, 42560, 52458, 44163, 49999, 46646, 39469, 43443
39216, 46499, 49983, 43267, 52708, 45897, 50279, 47122, 39646, 43638
39591, 48789, 50235, 43390, 53657, 46172, 50511, 47514, 39732, 44976
39670, 49480, 50360, 43429, 53863, 46676, 51220, 47818, 39866, 45248
39847, 49854, 50468, 43952, 54554, 47452, 51539, 48827, 40073, 46075
40161, 50127, 50486, 44145, 54676, 47654, 52165, 48952, 40961, 47190
40605, 50943, 50951, 44273, 55515, 47936, 52428, 49881, 41125, 48073
41171, 51667, 51229, 44449, 55719, 48560, 52496, 50255, 41407, 48219
42143, 51959, 51587, 44715, 56014, 49336, 52628, 50269, 43285, 48755
42874, 52126, 51889, 45696, 56363, 49764, 53289, 50384, 44254, 49658
42969, 52575, 52003, 46096, 58785, 49855, 53318, 50589, 45507, 49935
43102, 52805, 52485, 46757, 59105, 50780, 54275, 50692, 46077, 50733
43201, 53195, 52921, 48817, 59486, 51610, 54591, 51538, 47179, 51840
43312, 53402, 53132, 49113, 59605, 52389, 55298, 51774, 48314, 52045
43609, 54250, 53308, 49203, 59814, 53053, 56770, 52434, 48341, 52633
43810, 54397, 53825, 49628, 60105, 53329, 56791, 52813, 49516, 53218
44918, 54510, 54502, 49742, 60640, 53429, 57108, 53153, 49563, 53486
45466, 54620, 54709, 50111, 61369, 55099, 58478, 53692, 49683, 53650
46151, 54731, 56019, 52168, 61852, 55377, 58832, 53913, 49923, 53910
47079, 55020, 56326, 52778, 62502, 55746, 59761, 53998, 50011, 54592
47188, 55212, 56658, 53073, 62632, 55829, 59788, 54083, 50945, 54741
47382, 56485, 57369, 55543, 63146, 56029, 59893, 54486, 51414, 54997
47605, 56765, 57566, 55787, 63258, 56300, 60002, 55083, 51672, 56002
47721, 57044, 58823, 57939, 63761, 56763, 60037, 55905, 52001, 56709
48623, 57666, 59709, 58207, 63854, 57678, 60466, 56255, 52653, 57153
49841, 58024, 59927, 58951, 64333, 57923, 61227, 57116, 52788, 57250
51352, 58037, 60391, 59200, 64672, 58007, 61702, 57308, 53036, 57285
51638, 58158, 60431, 59910, 65542, 60820, 62089, 57684, 53293, 58701
51886, 58591, 60770, 60641, 65754, 61522, 62207, 57769, 53502, 58982
52079, 59430, 61196, 61637, 65865, 62113, 62662, 59247, 53651, 59294
52169, 60137, 61916, 62266, 66220, 62364, 63021, 59529, 55179, 59556
52676, 60404, 62022, 63386, 66430, 62686, 63799, 60177, 55635, 59818
52834, 61703, 62809, 64415, 66603, 64133, 64008, 60909, 56169, 60966
53066, 63394, 63308, 66417, 67148, 64327, 64407, 62090, 57127, 61412
53577, 64253, 63542, 66706, 67690, 65400, 64637, 62682, 57466, 61496
53964, 64276, 63694, 66814, 67705, 65512, 65064, 62842, 57491, 61683
54733, 66157, 63862, 66915, 67719, 65717, 65186, 62889, 57751, 61968
55297, 66743, 64036, 68096, 67948, 66422, 65337, 62965, 58076, 62148
55502, 66770, 65306, 69673, 68225, 66880, 65422, 63057, 58509, 62980
55519, 67332, 65574, 70170, 79979, 67155, 65687, 63515, 61320, 63894
55726, 67572, 66032, 70266, 80328, 68745, 66164, 64287, 61522, 64588
56049, 69499, 66720, 70611, 80367, 69176, 66447, 65134, 62152, 64745
56330, 69956, 66881, 71836, 80460, 69177, 66848, 65825, 62937, 65750
56636, 70082, 66935, 72100, 80990, 69568, 66992, 66530, 63093, 65864
58286, 70634, 67692, 72385, 81082, 69684, 67537, 67838, 63214, 66318
58549, 70959, 68283, 72487, 81167, 71148, 68321, 68170, 65393, 66552
60404, 71740, 68500, 74866, 81180, 71647, 68374, 68671, 65429, 67150
60745, 71883, 69351, 75072, 81443, 72364, 68647, 68842, 65534, 67650
61192, 72153, 69513, 75302, 82103, 72490, 68966, 69049, 66020, 67887
61399, 73011, 70174, 75798, 82277, 72828, 69632, 69808, 66365, 68010
62685, 74980, 70282, 76305, 83498, 73300, 69915, 70249, 66663, 68475
64252, 75279, 70746, 76609, 83633, 73398, 70835, 70560, 66677, 68700
66516, 76313, 71676, 77795, 83908, 73844, 70963, 71147, 66870, 68907
66855, 77622, 72391, 77888, 84131, 73959, 71234, 71255, 67723, 69165
67292, 77909, 72672, 78746, 84590, 74449, 71759, 71714, 68611, 69380
67741, 78276, 72793, 79516, 85541, 74640, 73044, 71932, 69047, 69598
68331, 79736, 73330, 80406, 85637, 75337, 73591, 72448, 69311, 69654
68625, 80258, 73803, 80485, 86319, 75876, 74411, 74070, 70475, 69776
69071, 80804, 74297, 81340, 86571, 75979, 75094, 74387, 74338, 70474
69353, 81969, 74449, 82282, 86655, 76551, 75341, 74583, 74531, 70740
69802, 82393, 75299, 84118, 86788, 76799, 76509, 75064, 74659, 70767
70066, 82485, 76524, 84469, 86973, 77359, 76809, 75273, 74698, 70863
70302, 82774, 76991, 84628, 87324, 79519, 77034, 76102, 74806, 71434
71175, 83193, 78585, 84661, 87481, 79526, 77501, 76391, 74848, 71521
71279, 84198, 78868, 86200, 87861, 81066, 78086, 76478, 75025, 72069
71667, 86073, 79671, 86631, 88159, 81195, 78174, 76666, 75043, 72525
71899, 86362, 81191, 87146, 88469, 81414, 78870, 80579, 75192, 72701
71956, 86521, 81563, 87236, 88665, 82197, 80146, 80900, 75723, 72703
72720, 87077, 82090, 87510, 89210, 82391, 80360, 81033, 75820, 72814
72819, 87374, 82570, 88098, 89295, 83152, 81176, 81384, 76242, 73269
73303, 87674, 82981, 89705, 89590, 83708, 81446, 81495, 76729, 73293
73564, 90582, 83728, 91082, 91354, 83832, 81680, 82103, 76849, 73845
73765, 91500, 84254, 91572, 91982, 83858, 82168, 82388, 76964, 74049
74170, 91759, 84774, 92910, 92431, 84463, 82342, 82510, 77497, 74070
74356, 92113, 85325, 93194, 93545, 84552, 83510, 82805, 77531, 74603
75216, 93098, 85343, 93511, 93830, 84913, 83739, 83111, 77532, 74745
75492, 93225, 86040, 93998, 94005, 85313, 83841, 83607, 77791, 75250
75685, 93271, 86148, 95374, 94297, 86045, 83864, 83892, 78047, 75678
75724, 93548, 86332, 95485, 94810, 86292, 84147, 85261, 79036, 76667
76387, 93636, 87076, 95883, 95200, 86307, 84376, 85380, 79135, 76751
76806, 94686, 87367, 96689, 95810, 86513, 84865, 85888, 79172, 77319
77818, 95240, 87583, 96933, 97861, 86800, 84957, 86460, 79926, 77995
78052, 95574, 88105, 97166, 97971, 87649, 85495, 86634, 80768, 78515
78371, 96145, 88383, 98022, 98289, 87857, 85693, 87005, 81261, 78750
78459, 96660, 88478, 98228, 98548, 88205, 86684, 87112, 81930, 79645
79143, 98214, 88676, 98434, 99184, 89259, 87660, 87478, 82141, 80366
87305, 99087, 89066, 98645, 99512, 89344, 89352, 87584, 83046, 80952
87823, 99087, 89105, 99319, 99889, 89475, 89490, 88313, 83130, 81440
87941, 99129, 89966, 99530, 100771, 90325, 89518, 88404, 83228, 81639
88526, 99168, 90209, 100140, 101125, 90526, 90832, 88708, 83558, 82507
88820, 99495, 91181, 100650, 101257, 91167, 91032, 89158, 83902, 83306
89194, 99514, 91964, 100652, 102203, 91446, 91152, 89459, 84164, 83395
89361, 99694, 92045, 100665, 102590, 92346, 91277, 90430, 86402, 83943
89575, 100141, 92247, 101094, 104029, 92480, 91435, 90563, 86601, 84035
89680, 100271, 92446, 101693, 105032, 92674, 92134, 91264, 86877, 84121
89681, 101668, 92769, 101903, 105137, 92766, 92506, 91836, 87321, 84922
89865, 102023, 94441, 102280, 106588, 93341, 92593, 93517, 87605, 85020
92175, 102522, 95156, 102747, 107276, 93474, 92906, 93766, 87778, 85201
93168, 103018, 96801, 103036, 107877, 93700, 93350, 93974, 88287, 86259
93458, 103286, 96907, 103151, 108183, 93859, 93550, 94271, 90469, 86667
94690, 103299, 96995, 103327, 108496, 94536, 94932, 94536, 91149, 86952
94841, 114669, 98254, 103804, 112525, 95778, 95204, 94728, 91678, 88147
95058, 114878, 99036, 104066, 113174, 96687, 95477, 95009, 92213, 99490
95635, 116061, 99580, 104928, 113524, 97350, 96518, 95185, 92299, 100008
96307, 116368, 99730, 105875, 113665, 97502, 96711, 95199, 92568, 100110
97651, 116505, 99835, 106465, 113755, 97748, 96848, 95338, 92826, 100236
98256, 116680, 99957, 106694, 114050, 98451, 97258, 95503, 92954, 100273
98295, 116872, 100956, 107445, 114312, 99004, 97854, 95981, 93047, 100490
98507, 116925, 101506, 109060, 114598, 99271, 97970, 96778, 93149, 101339
98702, 117452, 101754, 109373, 114901, 99373, 98124, 97258, 93259, 101620
99193, 118495, 102614, 110922, 115116, 99751, 98317, 97348, 93359, 102257
100019, 118687, 103097, 111415, 115431, 99844, 98908, 97390, 93586, 102615
100021, 119248, 103392, 112186, 115533, 100415, 99035, 97616, 95647, 103156
100136, 120845, 103511, 112889, 116346, 100456, 99209, 98537, 95740, 103179
100306, 120869, 104140, 114202, 116646, 100983, 99300, 98804, 95794, 105578
100452, 121360, 104386, 114559, 117705, 101488, 99978, 99043, 95954, 105853
100711, 121662, 104475, 114726, 118332, 101995, 100062, 99328, 96747, 105855
100825, 122100, 106520, 115038, 118738, 102531, 100100, 99367, 97036, 106924
101322, 122487, 106954, 115075, 118756, 103342, 100369, 101381, 97201, 107217
101390, 123028, 108018, 115517, 119079, 104323, 100732, 102868, 97733, 107485
102408, 123140, 108604, 115967, 120060, 105063, 101617, 103381, 97959, 109424
102504, 124314, 109148, 116483, 120445, 105144, 102070, 103879, 98608, 109549
103118, 125566, 109516, 116960, 120862, 105329, 103569, 104775, 98964, 109779
104527, 126512, 110010, 117237, 121864, 106491, 104040, 104811, 99123, 110808
104686, 126803, 112083, 117756, 121893, 107042, 104300, 104942, 99526, 111487
105595, 126924, 112288, 118228, 122371, 108406, 104722, 106137, 99635, 112294
105764, 127125, 112575, 119889, 123112, 108826, 104807, 106966, 99767, 113964
106316, 127424, 112762, 119991, 124399, 109138, 104918, 107174, 100272, 114030
106413, 127802, 113477, 131813, 124686, 109775, 105381, 107473, 100398, 114392
107017, 127907, 113671, 131966, 125200, 110562, 105906, 108010, 100885, 114514
107552, 128772, 114096, 132310, 125816, 110838, 106453, 108696, 101458, 114880
107819, 129320, 115454, 132689, 125910, 111251, 107073, 109029, 102306, 116111
108246, 129879, 115598, 133099, 126483, 111584, 107331, 109398, 103993, 116596
108409, 129894, 116015, 133628, 126775, 111622, 109689, 109974, 104514, 116776
108556, 130194, 116139, 134095, 126892, 111656, 110618, 110773, 104873, 116985
109245, 130772, 116959, 134222, 127306, 111743, 110889, 112267, 105654, 117143
109259, 131525, 117818, 134602, 127544, 111833, 111090, 112527, 106230, 117831
109769, 132412, 118393, 136162, 127642, 111857, 111189, 112690, 106323, 119387
110060, 132648, 118579, 136290, 128143, 113402, 111530, 113242, 106411, 119650
110949, 132771, 118894, 136396, 128989, 113514, 112121, 113732, 107008, 119659
111974, 133725, 119741, 136532, 129356, 113559, 113462, 113835, 107429, 120185
111992, 134574, 120491, 137757, 129607, 113702, 113729, 113989, 108979, 121128
112455, 134859, 124382, 137852, 130178, 113740, 113918, 114121, 108994, 121470
112499, 135076, 124504, 138630, 130289, 113833, 114385, 114581, 109293, 122054
112770, 135161, 125023, 138921, 130870, 114084, 114858, 115048, 109733, 122781
113922, 135426, 125280, 139054, 132651, 118019, 115171, 115250, 109934, 122874
114187, 135588, 126579, 139088, 132824, 118277, 115611, 115545, 110573, 123358
114278, 136055, 127057, 139931, 132858, 118863, 116471, 116076, 110610, 123621
114301, 137800, 127982, 140559, 133311, 119023, 116558, 116268, 110964, 124126
114410, 137997, 128009, 140660, 133536, 119417, 117339, 116450, 111498, 124826
114523, 138201, 128419, 141252, 134874, 119564, 117717, 116708, 111758, 125471
114929, 138541, 128610, 142112, 135201, 120590, 118480, 116802, 112025, 126758
115455, 138831, 129151, 142324, 135551, 121009, 118482, 117559, 112618, 127119
115946, 139034, 129462, 143667, 135645, 121733, 118785, 117832, 112776, 127208
116843, 139151, 130291, 144483, 135807, 122207, 120181, 117934, 113308, 127498
116876, 139406, 131613, 144963, 136156, 122650, 120821, 120016, 113810, 128065
118000, 140111, 132279, 145138, 136792, 124230, 121179, 120541, 114238, 129063
118103, 141756, 132377, 145416, 137085, 124649, 121744, 120958, 114641, 129067
118621, 143949, 132575, 145715, 137885, 124928, 121771, 121386, 116288, 129508
118983, 144401, 133007, 146621, 137933, 126202, 121989, 121476, 117475, 129531
119245, 144964, 133181, 146754, 138228, 126466, 122253, 121669, 117803, 130523
120296, 145239, 133317, 146863, 138357, 126922, 122374, 121934, 118143, 131491
120382, 145987, 133356, 147355, 138681, 128131, 122575, 122047, 118497, 131920
120778, 146523, 134232, 148210, 139406, 128327, 122733, 122967, 118936, 132042
120862, 146608, 134594, 148352, 140639, 128477, 123055, 123226, 119199, 132162
120880, 146807, 134786, 149187, 142578, 129252, 124149, 123352, 119700, 132266
120895, 147013, 135046, 149278, 142721, 129361, 124285, 124157, 119866, 132830
120990, 147528, 135938, 149510, 142867, 129626, 124522, 124330, 120301, 132963
121527, 148093, 135976, 150075, 143682, 130321, 124599, 125073, 120602, 133041
122502, 149626, 136122, 150275, 143911, 130409, 124806, 125410, 120875, 133209
124239, 150107, 138231, 151222, 145803, 130614, 125074, 125570, 121890, 134187
124550, 150334, 138464, 151355, 146004, 131123, 125345, 125939, 122758, 135396
124687, 150619, 140392, 151876, 146248, 131962, 125432, 126029, 123316, 135529
124851, 150952, 140662, 152036, 146336, 132608, 125967, 126317, 123445, 135685
125044, 152482, 141323, 153352, 146805, 133063, 126216, 126792, 123807, 135967
125370, 153127, 141599, 153609, 148474, 133080, 127049, 127521, 124228, 136129
125628, 154124, 142185, 153750, 149103, 134292, 127318, 127617, 124768, 137043
125821, 154457, 142293, 154014, 150161, 134600, 127593, 128868, 124914, 138565
127181, 155606, 143162, 154968, 150254, 134928, 128147, 128935, 124970, 140777
127605, 156110, 143854, 155107, 150348, 135125, 128359, 129272, 125406, 140885
129977, 156164, 143953, 155196, 150985, 135735, 128581, 129801, 125493, 141924
130206, 156390, 143966, 155499, 151080, 136066, 128720, 130469, 129389, 142870
130291, 157448, 144249, 155704, 151275, 136193, 129248, 131508, 129954, 143002
130514, 157645, 144730, 156821, 151736, 137497, 129639, 132544, 130378, 143327
130895, 158158, 145118, 157808, 152254, 138105, 130221, 133114, 130807, 143629
132223, 158176, 145384, 158351, 152985, 138395, 130469, 133831, 130967, 143828
132557, 158416, 145989, 160347, 153237, 138884, 130566, 134123, 131491, 144324
134045, 158726, 146208, 160975, 153733, 138926, 130665, 134682, 132522, 144427
134380, 160178, 146489, 161245, 154091, 139378, 130950, 134766, 132736, 144681
134571, 160694, 146846, 161379, 154193, 140294, 130992, 135307, 132943, 144947
134849, 160890, 146899, 161625, 154951, 142106, 131549, 135432, 133308, 145172
135234, 161235, 147351, 162574, 156105, 142567, 132407, 135436, 133500, 145314
135357, 161509, 147976, 162728, 156689, 142687, 132530, 135639, 133789, 146184
135385, 161636, 148300, 162828, 157207, 143023, 133725, 135739, 134726, 146225
137107, 161757, 148529, 162928, 158045, 143052, 134172, 137931, 134852, 146646
137737, 163098, 148623, 163215, 158163, 143094, 134781, 138338, 135791, 146734
137751, 163120, 148707, 163757, 158581, 143179, 134878, 138588, 136946, 146826
138041, 163392, 149106, 164552, 159281, 144217, 135154, 139132, 137090, 147096
138302, 164110, 149378, 164910, 160293, 144481, 135266, 139805, 137383, 147190
138785, 164301, 150725, 165579, 160498, 144652, 135796, 139896, 137672, 147353
139316, 164561, 150727, 165689, 161697, 145055, 135881, 140740, 137859, 147519
139519, 166366, 151016, 166024, 161817, 145875, 135914, 140778, 138369, 148396
140052, 166575, 151368, 167083, 163730, 146474, 136585, 141040, 138452, 148697
140175, 167190, 152221, 167316, 164463, 146509, 137106, 141206, 140494, 148901
140536, 167750, 152923, 167657, 164502, 146598, 137503, 141302, 140715, 148927
142324, 168469, 153061, 167933, 164529, 147173, 137516, 142151, 142306, 149896
142583, 168689, 153348, 168315, 164960, 147544, 138280, 142976, 142344, 150641
142990, 169382, 153799, 168436, 164981, 147630, 139059, 144194, 142655, 151020
143447, 169989, 154348, 169315, 165965, 147765, 139466, 144779, 144145, 152544
145156, 170075, 154520, 169425, 166483, 148032, 140609, 145101, 144680, 153261
145259, 170357, 155671, 169682, 167355, 148825, 140701, 145127, 144960, 153660
145460, 170447, 155921, 170237, 167493, 149715, 141523, 145304, 145498, 153984
146757, 170557, 156233, 170362, 168326, 149924, 141546, 145592, 146464, 155481
147696, 171016, 156512, 171070, 168354, 150459, 141934, 145592, 146569, 158239
148427, 171813, 157078, 171377, 168691, 150693, 142440, 145911, 146815, 158735
148609, 172318, 157999, 172352, 168951, 150695, 142750, 146060, 147287, 159597
149051, 172444, 158032, 172824, 170111, 150788, 142750, 146185, 147373, 160176
149639, 172831, 158640, 173113, 171021, 151498, 142849, 146861, 147494, 161028
150844, 173574, 158862, 173504, 171262, 153221, 142972, 147054, 148247, 161305
151158, 173982, 159420, 175112, 171482, 153500, 143895, 147221, 148690, 162656
152112, 174089, 159540, 175957, 171491, 153590, 144430, 148261, 150351, 163476
152278, 174093, 160195, 176486, 171727, 154448, 145491, 149266, 150633, 163972
152569, 174715, 160686, 176679, 172180, 155038, 145615, 150124, 152158, 164248
152652, 175498, 161272, 176975, 172215, 155117, 145932, 150827, 152416, 164745
152861, 175631, 161571, 177029, 172508, 155320, 146222, 151410, 159051, 165032
153211, 176427, 161847, 177412, 173366, 155676, 146703, 152320, 159739, 166791
153235, 176980, 161971, 177521, 173426, 155975, 146916, 152518, 160040, 168113
153583, 177544, 162300, 177609, 173553, 155994, 147192, 153522, 160774, 169874
153957, 177630, 162391, 177882, 174294, 156109, 147465, 153746, 160827, 170279
154188, 177723, 162592, 180034, 174454, 156271, 147660, 154000, 161337, 170697
155045, 178400, 163107, 180131, 174539, 156434, 148804, 155195, 161532, 170789
155059, 179129, 163297, 180163, 174560, 156545, 149110, 155936, 162079, 171251
155096, 179910, 163580, 180317, 174819, 156815, 149376, 156632, 162182, 171811
155401, 180035, 163702, 183028, 175535, 157452, 149525, 156830, 162985, 171942
156314, 180410, 163846, 183112, 175620, 157465, 149724, 157333, 163108, 172396
156425, 180714, 164105, 183417, 175711, 157842, 150087, 168543, 163465, 172808
157305, 180845, 164214, 184140, 177013, 158847, 150374, 168848, 163906, 173342
157636, 181096, 164572, 184706, 177243, 159858, 150459, 168872, 164659, 175456
157851, 181720, 165209, 184980, 177601, 160170, 150602, 168959, 165670, 176391
157995, 181825, 165371, 185281, 178547, 160227, 151170, 169330, 166032, 176721
158939, 181918, 166346, 185812, 179032, 160626, 151797, 169745, 166293, 177062
159753, 182459, 166667, 185840, 179178, 160721, 152086, 170246, 166422, 177419
160334, 182680, 166770, 186402, 179313, 161622, 152289, 170264, 166621, 178375
161241, 183593, 166863, 186982, 179580, 161734, 152660, 171316, 167853, 178392
161440, 184102, 167012, 187744, 179929, 162447, 153236, 171517, 167992, 178843
162590, 184159, 167029, 188553, 180245, 162580, 153360, 171782, 168349, 179028
163104, 185158, 167307, 189225, 180339, 162719, 153452, 171892, 169010, 179062
164381, 185412, 167532, 189532, 180605, 163132, 154100, 172015, 169409, 179197
164685, 186297, 167839, 190192, 180956, 163279, 154860, 172294, 169924, 180003
165190, 186325, 168204, 190761, 181271, 163371, 156184, 172416, 170050, 180143
165746, 186351, 169722, 191465, 181540, 164372, 156270, 172682, 170383, 180687
166441, 186957, 170885, 191924, 182223, 164856, 156692, 172697, 170559, 180805
167178, 187034, 171378, 192385, 183347, 164942, 157988, 172859, 170645, 180889
169112, 187302, 172042, 192675, 183450, 165232, 158022, 173129, 170754, 181398
169265, 187335, 172621, 192764, 183536, 166133, 158294, 174637, 172151, 181592
169363, 187551, 174834, 193073, 185472, 166585, 158696, 175355, 172585, 182176
169494, 187861, 175132, 193797, 185781, 167435, 160065, 175381, 172733, 182691
169536, 188351, 176087, 194350, 186219, 167926, 160376, 175859, 173234, 183282
170013, 189156, 176172, 194474, 188412, 168023, 161290, 175994, 174207, 183553
170660, 189853, 177170, 195310, 188742, 168632, 161862, 176403, 174675, 184756
170923, 190088, 177404, 195337, 189618, 169171, 161880, 177795, 176164, 185179
171414, 190281, 177503, 195429, 190423, 169310, 162047, 177827, 176753, 186392
171427, 190915, 177795, 195722, 190985, 170456, 162309, 178768, 177459, 188136
172085, 191108, 177936, 196251, 191302, 171051, 162506, 179326, 177734, 189298
172605, 191268, 178880, 196532, 191856, 171192, 162781, 179816, 177930, 189755
172639, 191555, 178976, 198218, 192707, 172331, 163669, 180967, 178215, 191097
172680, 191832, 179799, 198339, 193182, 172598, 163962, 181638, 178360, 191366
172784, 192293, 180718, 198423, 193424, 174511, 164560, 182160, 183239, 191828
173055, 192812, 180929, 199004, 193924, 179526, 164747, 182503, 184398, 192021
173466, 193278, 181183, 199569, 194534, 179783, 165174, 182784, 184723, 193216
173563, 194670, 181776, 200033, 195932, 179957, 166185, 183182, 185212, 193922
174080, 195109, 181981, 200252, 197145, 180176, 166506, 183683, 185741, 194436
174356, 195261, 182250, 200608, 197746, 180330, 166871, 184089, 186540, 195258
174768, 195478, 182631, 201517, 197886, 187143, 167163, 184561, 186985, 195354
174994, 195842, 183474, 202181, 198035, 187402, 168400, 184799, 188435, 195399
175697, 196739, 183742, 209292, 198932, 187541, 168707, 185788, 188627, 195696
176120, 197195, 184281, 209439, 199540, 187849, 168800, 186077, 188759, 195844
176392, 197565, 184578, 209750, 200246, 187947, 169032, 187303, 189380, 196491
177050, 199163, 184998, 210021, 200544, 188265, 169830, 187817, 190874, 196874
177135, 199341, 186063, 210856, 200631, 189391, 170431, 188275, 191307, 197483
178034, 199794, 186455, 211190, 201104, 189549, 170868, 188296, 191783, 197583
178342, 200442, 187460, 211569, 201207, 189686, 171084, 188530, 192042, 197616
179046, 200531, 187552, 212072, 205235, 190546, 171637, 188621, 192206, 197745
179390, 200791, 187657, 214832, 205721, 191622, 172191, 189651, 192550, 198005
179493, 200988, 188249, 215166, 206104, 192545, 172349, 189917, 192885, 198492
179638, 201428, 189482, 215167, 206824, 195373, 172362, 190347, 193557, 199221
180462, 201551, 189681, 216956, 207082, 195713, 172656, 191067, 194089, 199309
181494, 202120, 190260, 218610, 207188, 196228, 172937, 192651, 194277, 200195
182216, 202802, 190758, 218895, 207853, 196766, 174090, 192890, 194817, 200279
182409, 203538, 191320, 219361, 208194, 196798, 174450, 192921, 206202, 200586
183455, 203796, 191745, 219723, 208671, 197000, 174487, 193216, 206409, 201318
184480, 204005, 192667, 220015, 210161, 197826, 175994, 193443, 207670, 201361
184610, 204590, 193277, 220103, 210445, 197959, 176467, 193913, 207936, 203354
184730, 205140, 194208, 220237, 210641, 198901, 176872, 193969, 209945, 204797
184815, 205798, 194550, 220709, 211054, 199037, 177650, 194114, 210637, 205286
184975, 206398, 196070, 220979, 212030, 199303, 177791, 194679, 211037, 205587
185150, 206906, 197858, 221952, 212528, 200535, 178856, 194806, 211518, 205704
185460, 206933, 197953, 222045, 214346, 200936, 179056, 195494, 211879, 212675
185991, 208819, 198499, 222254, 214764, 203266, 179084, 195726, 212368, 212953
186194, 208819, 202313, 222375, 214921, 203678, 179895, 195887, 213181, 214101
186528, 208908, 202738, 224284, 215190, 204598, 180290, 197809, 213284, 214218
186854, 209499, 203113, 224297, 215763, 205283, 180589, 198527, 214093, 215630
187867, 209858, 203637, 224852, 215882, 205780, 181084, 201311, 214536, 215830
189392, 210156, 203747, 225075, 216242, 206071, 181381, 201466, 215234, 216388
189476, 210437, 204219, 225655, 216637, 206667, 182298, 201674, 215431, 216583
190056, 210527, 204830, 225776, 217715, 207914, 184004, 206708, 215515, 216730
191681, 210988, 206040, 226265, 218721, 208023, 184114, 206908, 215768, 217466
192071, 211025, 206379, 226837, 219638, 209366, 184374, 207007, 216078, 218392
192541, 211338, 206463, 226837, 219643, 209657, 184755, 207216, 216209, 218476
192835, 212020, 206745, 227035, 219838, 209685, 184992, 208583, 217130, 219048
193056, 212230, 206967, 227314, 220361, 209998, 185592, 209699, 217649, 219460
193322, 212564, 207258, 227718, 220906, 210296, 186175, 209980, 218704, 219726
193965, 213412, 207521, 228072, 221318, 210829, 186306, 210692, 219085, 220000
194052, 213651, 208141, 228204, 221577, 211756, 186650, 210966, 219868, 220469
194151, 213940, 208673, 228227, 223612, 212312, 187142, 211600, 219989, 220599
194473, 213978, 208763, 228781, 224836, 212711, 187310, 211713, 221517, 220638
194500, 214560, 209970, 229015, 225327, 212973, 188647, 212215, 222177, 220761
194673, 214660, 209983, 229448, 225804, 212987, 188739, 212303, 222447, 221016
195206, 214678, 210176, 229756, 225821, 213083, 189209, 212401, 222940, 221139
195478, 214800, 210875, 229893, 225996, 213438, 190621, 213979, 223185, 221241
195954, 215524, 211143, 230197, 226939, 213750, 192332, 214190, 224359, 222491
196046, 215999, 211265, 230916, 227341, 213862, 193160, 214525, 224839, 223043
196239, 217122, 211354, 232043, 227661, 214002, 193331, 214665, 225051, 223496
196534, 220929, 212870, 232674, 227999, 214097, 193837, 216235, 225398, 223806
201780, 221444, 213090, 233406, 229286, 214566, 194473, 216578, 225944, 224245
202041, 221908, 214757, 235626, 229386, 215039, 194900, 217487, 226928, 224826
202424, 222380, 214840, 235748, 229865, 216556, 195380, 217571, 228182, 224844
203033, 222814, 214961, 235908, 231035, 216663, 195656, 219275, 228450, 225678
203946, 223286, 216475, 236174, 231225, 216762, 195767, 219567, 229119, 226899
204262, 224325, 217266, 237435, 231809, 218989, 196048, 220341, 229552, 227451
204522, 224460, 217268, 238319, 232751, 219182, 197263, 221076, 229978, 227670
204805, 224693, 217715, 238864, 233020, 219358, 198056, 221284, 230883, 227946
205113, 225143, 217960, 239322, 234110, 220680, 198144, 221412, 231266, 228219
205316, 225289, 219354, 241122, 234402, 221844, 199138, 221950, 231374, 228781
205474, 226226, 219886, 241215, 235194, 221862, 199237, 223660, 231777, 228868
205478, 226428, 220061, 241705, 235390, 222055, 199465, 223781, 232315, 228991
206170, 227469, 220814, 242365, 235489, 222338, 199664, 225156, 232458, 231697
206767, 227730, 221114, 242590, 237074, 222460, 199718, 225242, 233070, 231794
207890, 228028, 221997, 242844, 237525, 222720, 199987, 226468, 233391, 232292
209750, 228573, 222741, 243306, 237879, 222991, 200043, 226861, 233522, 232762
209857, 228867, 222892, 243632, 239059, 223665, 200733, 227031, 234327, 233121
210189, 229438, 223432, 244217, 239639, 223970, 200787, 227719, 234458, 234123
210383, 229680, 223539, 244334, 242611, 225515, 200874, 227803, 234548, 234701
211747, 229970, 223876, 244655, 243389, 225598, 201378, 228340, 235056, 234984
212431, 230105, 224168, 244746, 243810, 226127, 201813, 228898, 235177, 235111
212515, 230146, 224280, 245247, 245094, 226257, 202469, 228911, 235743, 235388
213278, 230926, 224408, 245289, 245382, 226773, 203366, 230234, 236333, 235512
213470, 232768, 224624, 245366, 245521, 226857, 203450, 230472, 236417, 235791
214702, 233040, 226002, 245522, 247168, 227712, 204023, 230947, 236968, 236825
215596, 233270, 226094, 245799, 247728, 227832, 207862, 231405, 237230, 237083
216153, 233563, 226287, 245928, 247882, 228019, 208353, 231903, 237646, 237692
217088, 233695, 226437, 246045, 248467, 228203, 208858, 232219, 237935, 237883
217178, 234865, 226837, 246073, 248673, 228220, 209120, 232851, 238577, 238196
217407, 234952, 226920, 246078, 248869, 228503, 209217, 232942, 239462, 238873
217986, 235809, 227576, 246097, 249170, 228605, 209446, 233597, 239757, 238999
218164, 236483, 228927, 246714, 249482, 228631, 209877, 234013, 239851, 239210
219527, 237465, 229936, 246735, 251063, 228718, 210856, 234026, 240003, 239313
220156, 239290, 230197, 248526, 251210, 229062, 210873, 234401, 240609, 239824
223208, 240255, 230315, 249771, 251661, 229791, 210988, 234493, 241345, 240091
223208, 240419, 230424, 250246, 251690, 229917, 211268, 234946, 241855, 240215
223860, 241453, 230994, 250760, 251785, 230129, 211584, 235143, 242125, 240623
224669, 241669, 231724, 251098, 251945, 230656, 211688, 235836, 242394, 241509
224826, 243436, 232040, 253042, 252005, 231207, 212265, 236489, 242518, 241895
225408, 243576, 232226, 253764, 253325, 231654, 212829, 237210, 243992, 242138
225536, 243729, 232346, 253827, 253836, 231856, 213276, 237477, 244297, 242446
225673, 244094, 232912, 253941, 254388, 232709, 214527, 237754, 244558, 242799
226269, 244211, 233202, 254205, 256131, 234652, 214653, 238151, 244808, 243162
226560, 244807, 233411, 254556, 256513, 234746, 214689, 238620, 244914, 243266
226851, 245295, 234009, 254947, 257782, 235107, 215254, 238971, 245195, 243568
226997, 246179, 234195, 255404, 257907, 235669, 216201, 240993, 246299, 243677
227805, 246844, 235014, 255719, 258564, 236053, 216322, 242260, 246327, 243786
228359, 247165, 235379, 256059, 259450, 236067, 216414, 242384, 246424, 243888
228521, 247350, 235658, 256293, 259655, 236633, 217931, 242410, 246922, 244047
228814, 247357, 236302, 256440, 259793, 236972, 218646, 242506, 247049, 246004
228892, 248941, 236316, 256969, 260030, 237676, 218951, 243406, 247218, 246099
228910, 249688, 236418, 257066, 260564, 238174, 219165, 243489, 247855, 246208
229311, 250192, 236682, 257209, 260697, 238631, 219306, 243647, 248406, 246510
230224, 250784, 236970, 257342, 260920, 239265, 219332, 243788, 248570, 246594
230680, 250883, 237673, 257758, 261059, 239353, 219822, 244027, 249217, 247100
231459, 251638, 237794, 258122, 261620, 240076, 220097, 244515, 249579, 247505
231484, 253119, 238140, 258571, 261898, 240835, 220618, 244800, 250004, 247698
231787, 253420, 239837, 259125, 262061, 242131, 222334, 245066, 250765, 247813
233758, 254903, 240069, 259797, 262227, 242553, 222754, 245150, 250957, 248091
234117, 255314, 240258, 260157, 262525, 243230, 222980, 245262, 251375, 248606
234450, 255825, 240351, 261592, 264387, 243726, 223001, 245534, 251633, 248869
236327, 255953, 240636, 261791, 264599, 243986, 223313, 245989, 251967, 249430
236346, 256098, 240673, 263048, 264685, 246061, 223527, 246257, 252093, 250258
236650, 257192, 240794, 264490, 265177, 247666, 224665, 247799, 252857, 250882
237440, 257453, 240942, 265708, 265387, 249073, 225556, 248241, 253124, 251114
237524, 258150, 241739, 265820, 265406, 249888, 225575, 248505, 254115, 251651
238217, 258554, 242482, 266971, 266196, 250722, 225855, 248825, 254252, 251658
238943, 258676, 243345, 267025, 266715, 250915, 226127, 248911, 255627, 252441
239531, 258946, 244674, 267758, 267154, 251294, 226141, 249709, 255916, 252642
239755, 259151, 244674, 267903, 267278, 252645, 226576, 250499, 255940, 252854
240051, 259346, 245680, 268342, 267691, 253190, 226938, 251279, 256302, 253482
241789, 259776, 245765, 268945, 268516, 253204, 227491, 251823, 256319, 253733
242559, 259928, 246184, 268963, 268693, 253318, 227577, 253328, 256958, 254282
242836, 260432, 247186, 269167, 269100, 253715, 227845, 253817, 257519, 254570
243029, 261294, 247814, 269810, 269614, 255380, 229629, 253819, 258793, 255974
243257, 262153, 249311, 269924, 269901, 255702, 229987, 253970, 259496, 256666
243617, 262185, 249528, 270975, 269943, 255723, 230280, 254302, 259635, 257086
244092, 262736, 249825, 271305, 270281, 256571, 230951, 254419, 259653, 257845
244224, 263047, 249944, 272352, 270575, 257720, 231463, 254856, 259810, 258184
244961, 263322, 250939, 274198, 271968, 258285, 232189, 255467, 259824, 258288
245047, 263885, 251102, 274213, 272200, 258471, 232427, 256842, 260512, 258414
246098, 264072, 251679, 275194, 273281, 258796, 233286, 258115, 260644, 258636
246401, 264162, 252285, 275229, 273873, 259011, 233419, 258701, 260840, 261059
246611, 264749, 252396, 275320, 274257, 259172, 233946, 258978, 260868, 261490
249396, 264911, 253540, 275543, 275032, 259385, 234532, 259015, 261316, 262079
249603, 265147, 253798, 276057, 275172, 259652, 234540, 259728, 262650, 262267
250136, 265235, 254475, 276313, 275474, 259801, 234735, 260509, 262798, 262363
250334, 265413, 255215, 277028, 275569, 259953, 235254, 261824, 263060, 262497
250376, 266173, 255628, 277275, 275934, 259989, 235954, 262114, 263370, 264598
250941, 266802, 256530, 277477, 276715, 260498, 236049, 263834, 263911, 265208
251522, 266894, 256817, 277705, 276826, 260928, 236785, 264448, 264559, 265728
252225, 266983, 257306, 277870, 277102, 261011, 236991, 264996, 264709, 265950
252489, 267961, 258283, 278158, 277306, 261241, 237009, 265920, 264898, 266452
252789, 268119, 258893, 278452, 279012, 261543, 237024, 266272, 265744, 266945
253767, 268829, 258917, 278888, 279135, 261543, 238604, 266960, 265845, 267117
254792, 269114, 260280, 281579, 279344, 261990, 239325, 267249, 266050, 267976
