1157, 295, 455, 232, 234, 206, 209, 288, 272, 353
1200, 345, 651, 499, 267, 465, 353, 309, 428, 388
1224, 399, 657, 510, 354, 502, 385, 461, 660, 429
1297, 1179, 746, 535, 763, 638, 488, 474, 678, 459
1808, 1187, 792, 624, 813, 835, 564, 498, 863, 526
1965, 1232, 814, 1458, 828, 1339, 585, 501, 1048, 799
1996, 1707, 869, 2035, 1157, 1413, 736, 531, 1059, 899
2069, 1817, 931, 2037, 1300, 1617, 893, 714, 1420, 953
2281, 1871, 949, 2492, 1382, 1793, 914, 726, 1582, 1058
2446, 2122, 963, 2524, 1453, 1865, 1448, 764, 1646, 1131
2491, 2145, 987, 2566, 1947, 1963, 1843, 796, 1661, 1193
2506, 2162, 1013, 2592, 2130, 1995, 1850, 879, 1685, 1213
2964, 2209, 1016, 2803, 2171, 2022, 1929, 964, 1763, 1283
2979, 2214, 1028, 2830, 2249, 2036, 2274, 1019, 1871, 1347
3037, 2277, 1047, 3517, 2313, 2043, 2320, 1095, 1938, 1692
3069, 2332, 1085, 3889, 2324, 2111, 2347, 1153, 1989, 1700
3136, 2347, 1103, 3998, 2407, 2158, 2398, 1191, 2050, 1713
3151, 2424, 1213, 4004, 2507, 2163, 2432, 1321, 2063, 1773
3374, 2486, 1236, 4019, 2541, 2264, 2515, 1363, 2088, 1796
3522, 2549, 1331, 4054, 2577, 2315, 2528, 1386, 2094, 2780
3611, 2911, 1339, 4127, 2710, 2381, 2569, 1519, 2234, 2792
5021, 3094, 1369, 4170, 2719, 2427, 2628, 1966, 2293, 2801
5159, 3256, 1395, 4186, 2751, 2609, 2702, 1987, 2326, 2815
5204, 3293, 1402, 4225, 2977, 2714, 2728, 1998, 2348, 2821
5377, 3483, 1520, 4257, 2991, 2725, 3135, 2062, 2361, 2834
5461, 3500, 1645, 4300, 3013, 2742, 3207, 2082, 2362, 2846
5464, 3614, 1652, 4355, 3132, 2814, 3746, 2093, 2411, 2912
5488, 3617, 2031, 4422, 5115, 2890, 3771, 2143, 2478, 3465
5537, 3640, 2077, 4806, 5431, 2955, 3861, 2183, 2494, 3497
5685, 3689, 2491, 4826, 5461, 3220, 4284, 2197, 2583, 3531
5755, 3707, 2524, 4844, 5480, 3232, 4365, 2475, 2591, 3604
5855, 3786, 2538, 4934, 5483, 3245, 4447, 2535, 2611, 3650
5888, 3867, 2595, 4984, 5485, 3265, 4478, 2548, 2720, 3693
5968, 3950, 2606, 5016, 5503, 3343, 4589, 2640, 2801, 3707
5989, 4115, 2704, 5172, 5556, 3358, 4652, 2740, 2936, 3739
6150, 4129, 2746, 5185, 5588, 3488, 5690, 2760, 2961, 3756
6183, 4141, 2777, 5327, 5622, 3536, 5792, 2774, 3368, 3778
6236, 4169, 3233, 5640, 5678, 3592, 5813, 2930, 3412, 3886
6605, 4221, 3287, 5653, 5692, 3840, 5837, 3022, 3449, 4011
6639, 4260, 3336, 5668, 5843, 4075, 5945, 3099, 3451, 4340
6662, 4324, 3411, 5708, 5868, 4089, 5972, 3119, 3526, 4411
6787, 4378, 3433, 5789, 5879, 4115, 6100, 3165, 3981, 4502
6799, 4506, 3463, 5865, 5910, 4136, 6171, 3240, 3994, 4573
7177, 4573, 3575, 5930, 5967, 4151, 6186, 3249, 4008, 4634
7248, 4728, 3607, 5999, 6025, 4218, 6294, 4057, 4130, 4705
7354, 4890, 3681, 6023, 6048, 4226, 6337, 4070, 4141, 4786
7392, 4917, 4859, 6100, 6064, 4240, 6451, 4139, 4157, 4864
7447, 4936, 5048, 6113, 6064, 4393, 6488, 4162, 4170, 4922
7462, 5007, 5050, 6125, 6073, 4522, 6559, 4374, 4239, 4927
7474, 5100, 5052, 6319, 6130, 4531, 6694, 4390, 4796, 4974
7603, 5176, 5089, 6380, 6157, 4598, 6723, 4486, 4810, 5109
7674, 5190, 5112, 6407, 6174, 4670, 6877, 4509, 4888, 5123
7766, 5232, 5192, 6728, 6226, 4719, 6943, 4666, 4978, 5136
7902, 5234, 5217, 6953, 6290, 4791, 6987, 4964, 5002, 5159
8005, 5522, 5290, 7020, 6367, 4967, 7094, 5257, 5018, 5207
8125, 5569, 5332, 7061, 6380, 5141, 7181, 5301, 5046, 5298
8140, 6350, 5440, 7174, 6460, 5201, 7257, 5343, 5067, 5344
8161, 6361, 5452, 7181, 6529, 5299, 7341, 5357, 5096, 5428
8177, 6415, 5471, 7194, 6593, 5366, 7418, 5439, 5129, 5497
8253, 6447, 5548, 7207, 6641, 5454, 7423, 5955, 5141, 5553
8272, 6557, 5663, 7278, 6648, 5511, 7487, 6022, 5173, 5636
8294, 6609, 5732, 7371, 6721, 5562, 7875, 6092, 5216, 5650
8362, 6701, 5809, 7519, 6907, 5575, 7948, 6128, 5227, 5722
8384, 6724, 5855, 7551, 6983, 5617, 7977, 6163, 5299, 5768
8449, 6849, 5873, 7619, 7240, 5634, 7994, 6339, 5390, 5818
8923, 7023, 5890, 7681, 7281, 5651, 8006, 6354, 7364, 5865
9039, 7204, 5908, 7722, 7292, 5715, 8054, 6388, 7405, 5886
9079, 7249, 6093, 7735, 7365, 5829, 8066, 6394, 7420, 5904
9095, 7354, 6139, 7748, 7448, 5854, 8192, 6452, 7549, 5973
9111, 7365, 6231, 7786, 7462, 5964, 8236, 7030, 7629, 6033
9425, 7378, 6234, 8074, 7524, 6003, 8283, 7094, 7716, 6116
9512, 7385, 6378, 8090, 7537, 6015, 8333, 7125, 7728, 6281
9546, 7403, 6397, 8105, 7617, 6081, 8378, 7171, 7740, 6309
9580, 7468, 6438, 8112, 7654, 6136, 8392, 7263, 7760, 6359
9583, 7485, 6485, 8193, 7658, 6240, 8441, 7277, 7844, 6401
9632, 7548, 6576, 8216, 7863, 6271, 8461, 7286, 7908, 6875
9705, 7562, 6713, 8317, 7935, 6294, 8509, 7420, 8018, 6889
9733, 7652, 6725, 8415, 7979, 6327, 8546, 7468, 8056, 6908
9734, 7687, 6725, 8427, 8545, 6364, 8583, 7487, 8069, 6937
9804, 7706, 6727, 8452, 8581, 6368, 8586, 7501, 8130, 6956
9978, 7778, 6804, 8459, 8631, 6403, 8608, 7633, 8203, 6986
10036, 7823, 6953, 8544, 8683, 6405, 8646, 7704, 8299, 7001
10076, 7945, 6978, 8623, 8767, 6418, 8707, 7722, 8341, 7107
10670, 8004, 7087, 8635, 8830, 8808, 8722, 7763, 8499, 8149
10704, 8105, 7093, 8650, 8845, 8870, 8747, 7788, 9067, 8234
10733, 8173, 7133, 8708, 8906, 8877, 9915, 7852, 9150, 8246
10813, 8198, 7150, 8777, 8940, 8897, 9978, 7983, 9218, 8405
10864, 10181, 7182, 8905, 9044, 8941, 10062, 8025, 9236, 8550
10885, 10196, 7199, 9046, 9069, 8990, 10075, 8084, 9249, 8576
10931, 10261, 7274, 9123, 9164, 9051, 10155, 8106, 9287, 8622
10944, 10265, 7366, 9215, 9313, 9200, 10383, 8124, 9488, 8640
11006, 10398, 7424, 9313, 9414, 9292, 10406, 8202, 9705, 8655
11030, 10425, 7478, 9324, 9431, 9311, 10408, 8271, 9804, 8724
11065, 10440, 7653, 9481, 9464, 9449, 10482, 8294, 9878, 8796
11156, 10481, 7726, 9545, 9489, 9496, 10586, 9089, 9949, 8869
11216, 10587, 7774, 9595, 9500, 9541, 10600, 9154, 9966, 8886
11286, 10628, 7779, 9664, 9532, 9560, 10617, 9269, 9979, 8927
11305, 10694, 7848, 9814, 9596, 9602, 10704, 9293, 9996, 8942
11353, 10709, 7891, 9838, 9662, 9616, 10719, 9345, 10071, 12557
11518, 10779, 7952, 9935, 9708, 9664, 10785, 9369, 10115, 12592
11535, 10835, 7958, 9975, 9721, 9737, 10819, 9432, 10186, 12604
11537, 10899, 8115, 10046, 9742, 9807, 10859, 9472, 10203, 12650
11603, 10912, 8176, 10061, 9773, 9833, 10875, 9568, 10217, 12764
11893, 10948, 8257, 10073, 9786, 9850, 10886, 9604, 10459, 12853
11950, 10964, 8591, 10159, 9793, 9907, 10946, 9659, 10537, 12866
11977, 11083, 8674, 10271, 9860, 9923, 11018, 9723, 10627, 13117
12040, 11141, 8691, 10285, 9959, 10124, 11087, 9730, 10641, 13175
12104, 11207, 8747, 10454, 9994, 10156, 11118, 9761, 10688, 13186
12125, 11242, 8850, 10595, 10083, 10184, 11132, 9830, 10696, 13223
12150, 11258, 8925, 10615, 10145, 10351, 11145, 9858, 10741, 13240
12196, 11333, 9028, 10678, 10150, 10365, 11161, 10000, 10761, 13278
12202, 11469, 9045, 10690, 10276, 10451, 11229, 10154, 10792, 13379
12270, 11514, 9110, 10885, 10347, 10509, 11263, 10258, 10858, 13469
12272, 11588, 9182, 10919, 10377, 10571, 11331, 10288, 11015, 13533
12313, 11670, 9205, 10945, 10500, 10577, 11362, 10307, 11035, 13559
12317, 11731, 9255, 10957, 10625, 10635, 11431, 10332, 11039, 13571
12372, 11793, 9283, 10990, 10646, 10649, 11493, 10354, 11053, 13602
12383, 11912, 9297, 11002, 10671, 10713, 11509, 10441, 11164, 13624
12438, 11927, 9334, 11055, 10760, 10743, 11535, 10683, 11230, 13721
12523, 11972, 9380, 11101, 10780, 10907, 11554, 10939, 11460, 13765
12536, 11984, 9555, 11120, 10783, 10944, 11565, 11040, 11751, 13781
12555, 12054, 9557, 11198, 10848, 10956, 11715, 11047, 11814, 14566
12597, 12199, 9607, 11402, 10997, 10956, 11760, 11128, 12309, 14599
12614, 12339, 9669, 11517, 11012, 10959, 11773, 11141, 12549, 14657
12841, 12371, 9694, 11581, 11069, 10973, 11890, 11212, 12563, 14714
12903, 12389, 9694, 11646, 11291, 11032, 11897, 11281, 12620, 14722
12948, 12452, 9763, 11657, 11347, 11083, 11961, 11403, 12648, 14736
13104, 12454, 10907, 11673, 11411, 11114, 12001, 11552, 12784, 14804
13354, 13109, 10924, 11685, 11504, 11187, 12028, 11566, 12799, 14952
13499, 13128, 10958, 11759, 11589, 11441, 12032, 11608, 12884, 14966
13568, 13177, 10972, 11774, 11619, 11476, 12101, 11638, 12897, 15070
13599, 13190, 11151, 11855, 11647, 11552, 12123, 11700, 12962, 15083
13628, 13260, 11200, 11906, 11736, 11576, 12134, 11766, 12988, 15334
13642, 13266, 11214, 11918, 11752, 11641, 12572, 11854, 13063, 15445
13677, 13279, 11229, 11934, 11766, 11662, 12592, 11894, 13215, 15487
13761, 13318, 11379, 11968, 11855, 11705, 12678, 11908, 13246, 15502
13777, 13389, 11387, 12057, 11920, 11718, 12730, 12064, 13327, 15549
13808, 13421, 11414, 12088, 11938, 11804, 12855, 12066, 13405, 15585
13888, 13437, 11433, 12159, 12020, 11822, 12886, 12118, 13435, 15597
14000, 13521, 11484, 12266, 12086, 11845, 12897, 12132, 13533, 15627
14142, 13580, 11513, 12358, 12104, 11860, 12931, 12139, 13588, 15687
14221, 13867, 11627, 12471, 12159, 11899, 12970, 12201, 13620, 15694
14247, 13879, 11650, 12547, 12176, 11951, 15128, 12242, 13635, 15759
14259, 13900, 11739, 12635, 12243, 11967, 15317, 12313, 13666, 15762
14351, 13914, 11813, 12643, 12366, 11989, 15379, 12339, 13797, 15774
14388, 13943, 11865, 12775, 12450, 11991, 15392, 12353, 13851, 15997
14778, 13955, 11936, 12802, 12461, 12061, 15484, 12371, 13878, 16012
14792, 14085, 12006, 12878, 12472, 12095, 15529, 12389, 13916, 16070
14852, 14125, 12017, 12891, 12485, 12193, 15551, 12544, 13929, 16085
14953, 14199, 14570, 13994, 12558, 12207, 15582, 12607, 13949, 16105
14977, 14261, 14584, 14009, 12580, 12233, 15609, 12682, 13962, 16117
15002, 14387, 14717, 14089, 12598, 12271, 15648, 12695, 14044, 16209
15118, 14394, 14808, 14180, 12680, 12322, 15729, 12756, 14203, 16264
15170, 14492, 14826, 14192, 12697, 12333, 15760, 12797, 14290, 16370
15210, 14635, 14838, 14219, 12716, 12367, 15797, 12809, 14302, 16392
15346, 14690, 14880, 14237, 12797, 12379, 16663, 12892, 14354, 16416
15426, 14811, 15031, 14375, 12831, 12381, 16808, 12961, 14401, 16416
15505, 14834, 15045, 14420, 12858, 12601, 16826, 13053, 14404, 16480
15521, 14854, 15120, 14474, 12922, 12614, 16941, 13084, 15014, 16547
15564, 15005, 15140, 14571, 13033, 12686, 17061, 13129, 15162, 16601
15590, 15084, 15166, 14647, 13057, 12714, 17131, 13146, 15238, 16647
15626, 15157, 15207, 15476, 13150, 12743, 17164, 13195, 15307, 16709
15860, 15268, 15291, 15476, 13258, 12754, 17229, 13335, 15382, 16890
15886, 15275, 15527, 15514, 13319, 12823, 17240, 13358, 15415, 16922
15927, 15426, 15545, 15592, 13357, 12836, 17251, 13388, 15433, 17010
15944, 15461, 15614, 15653, 13441, 12874, 17323, 13451, 15582, 17027
16043, 15522, 15622, 15686, 13475, 12910, 17328, 13466, 15648, 17041
16112, 15527, 15636, 15751, 13650, 12972, 17391, 13474, 15754, 17048
16143, 15601, 15649, 15771, 13716, 13034, 17448, 13540, 15776, 17089
16155, 15601, 15732, 15817, 13771, 13077, 17518, 13608, 15998, 17100
16170, 15626, 15743, 15897, 13787, 13357, 17554, 13629, 16011, 17228
16246, 15766, 15880, 16046, 13935, 13390, 17628, 13766, 16071, 17252
16349, 16109, 15941, 16087, 13949, 13404, 17765, 13786, 16077, 17315
16574, 16188, 15996, 16103, 13963, 13488, 17846, 13840, 16091, 17491
16721, 16195, 16063, 16170, 13976, 13502, 17948, 13977, 16161, 17554
16746, 16304, 16114, 16187, 14020, 13599, 18057, 13997, 16198, 17573
16808, 16349, 16200, 16249, 14102, 13624, 18117, 14051, 16303, 17604
16875, 16419, 16289, 16252, 14117, 13694, 18195, 14115, 16347, 17678
16922, 16516, 16362, 16254, 14229, 13776, 18213, 14176, 16367, 17749
16985, 16530, 16407, 16334, 14304, 13842, 18244, 14224, 16434, 17790
17015, 16574, 16450, 16359, 14367, 13867, 18268, 14515, 16461, 17855
17056, 16691, 16483, 16480, 14385, 13931, 18294, 14956, 16541, 17919
17067, 16779, 16503, 16542, 14385, 14038, 18350, 14994, 16664, 17946
17085, 16868, 16562, 16657, 14443, 14914, 18465, 15008, 16681, 17958
17153, 16937, 16584, 16679, 14547, 14955, 18564, 15020, 16892, 18034
17248, 16953, 16619, 16935, 14558, 15233, 18598, 15036, 16894, 18236
17261, 16980, 16714, 16952, 14625, 15242, 18636, 15093, 16930, 18257
17263, 16998, 16737, 16999, 14669, 15317, 18706, 15217, 16947, 18434
17386, 17007, 16877, 17023, 14736, 15393, 18750, 15338, 17016, 18451
17393, 17011, 16989, 17089, 14798, 15462, 18763, 15363, 17227, 18456
17518, 17042, 16999, 17133, 14839, 15498, 18852, 15407, 17245, 18499
17568, 17110, 17064, 17151, 14871, 15502, 18956, 15434, 17353, 18513
17620, 17145, 17097, 17181, 14889, 15516, 18988, 15529, 17397, 18543
17694, 17152, 17129, 17324, 14956, 15576, 19005, 15596, 17525, 18622
17748, 17241, 17457, 17429, 17338, 15587, 19038, 15673, 17537, 18813
17844, 17327, 17470, 17492, 17403, 15970, 19058, 15739, 17548, 18874
17898, 17455, 17482, 17506, 17473, 16076, 19071, 15799, 17603, 18937
17941, 17515, 17558, 18614, 17504, 16083, 19073, 15811, 17675, 18998
18020, 17529, 17574, 18679, 17568, 16118, 19106, 15829, 17686, 19045
18083, 17668, 17585, 18706, 17643, 16146, 19131, 15860, 17720, 19117
18119, 18016, 17651, 18783, 17752, 16215, 19197, 15923, 17741, 19194
18137, 18047, 17664, 18808, 17763, 16253, 19210, 15924, 17765, 19206
18151, 18087, 17740, 18870, 17775, 16278, 19224, 15989, 17902, 19230
18233, 18101, 17751, 18918, 17820, 16292, 19287, 16020, 17959, 19253
18300, 18166, 17770, 18983, 17864, 16316, 19301, 16060, 18014, 19289
18314, 18235, 17797, 19014, 17896, 16400, 19355, 16079, 18162, 19426
18487, 18259, 17861, 19077, 17912, 16407, 19490, 16233, 18202, 19494
18566, 18294, 17879, 19095, 18058, 16409, 19571, 16299, 18246, 19520
18595, 18305, 17987, 19229, 18097, 16457, 19622, 16426, 18355, 19545
18634, 18343, 18072, 19245, 18111, 16485, 19636, 16460, 18356, 19550
18695, 18463, 18236, 19336, 18174, 16544, 19677, 16492, 18375, 19583
18715, 18520, 18346, 19399, 18243, 16613, 19764, 16503, 18453, 19648
18778, 18592, 18416, 19452, 18257, 16698, 19795, 16532, 18502, 19669
19401, 18607, 18554, 19484, 18304, 16714, 19859, 16543, 18566, 19676
19422, 18762, 18640, 19505, 18375, 16719, 19921, 16556, 18588, 19701
19459, 18846, 18738, 19520, 18402, 16773, 19989, 16580, 18606, 19729
19507, 18866, 18750, 19584, 18420, 16834, 20000, 16582, 18628, 19794
19529, 18928, 18830, 19598, 18457, 16960, 20063, 16595, 18790, 20050
19616, 18944, 18868, 19763, 18490, 17099, 20076, 16628, 18884, 20094
19697, 18961, 18901, 19807, 18492, 17212, 20129, 16665, 18950, 20111
19710, 18975, 19029, 20025, 18509, 17231, 20160, 16696, 19103, 20259
19737, 19050, 19066, 20059, 18543, 17245, 20222, 16744, 19169, 20311
19898, 19124, 19149, 20219, 18556, 17258, 20240, 16756, 19237, 20332
19965, 19139, 19277, 20284, 18567, 17305, 20328, 17360, 19276, 20398
20019, 19174, 19348, 20286, 18757, 17332, 20374, 17472, 19314, 20410
20026, 19213, 19354, 20300, 18770, 17344, 20460, 17486, 19328, 20519
20089, 19215, 19367, 20348, 18784, 17536, 20478, 17545, 19345, 20586
20125, 19231, 19423, 20481, 18862, 17607, 20532, 17636, 19411, 20673
20193, 19247, 19474, 20493, 18884, 17653, 20573, 17740, 19440, 20688
20204, 19285, 19489, 20503, 18968, 17677, 20605, 17760, 19453, 20788
20249, 19327, 19557, 20513, 19008, 17679, 20651, 17772, 19590, 20823
20325, 19437, 19699, 20579, 19020, 17806, 20683, 17790, 19690, 20845
20355, 19441, 19908, 20634, 19074, 17936, 20701, 17824, 19720, 20874
20420, 19591, 19925, 20661, 19096, 17950, 20714, 17831, 19736, 20887
20433, 19604, 22060, 20679, 19266, 18103, 20782, 17867, 19807, 20919
20448, 19637, 22067, 20722, 19298, 18140, 20824, 17943, 19931, 20982
20512, 19668, 22069, 20755, 19345, 18152, 20846, 18006, 19993, 21038
20519, 19808, 22081, 20757, 19376, 18171, 20943, 18074, 20006, 21049
20575, 19862, 22184, 20787, 19390, 18286, 20970, 18136, 20009, 21068
20577, 19942, 22205, 20828, 19420, 18317, 21005, 18152, 20056, 21162
20609, 20323, 22269, 20883, 19434, 18328, 21016, 18207, 20123, 21275
20660, 20336, 22280, 20930, 19450, 18503, 21095, 18309, 20138, 21287
20705, 20364, 22362, 20941, 19513, 18543, 21117, 18387, 20164, 21363
20733, 20409, 22436, 20943, 19577, 18602, 21134, 18398, 20180, 21374
20747, 20450, 22511, 21050, 19619, 18648, 21178, 18409, 20194, 21388
20852, 20530, 22579, 21052, 19697, 19288, 21241, 18476, 20259, 21413
20866, 20562, 22749, 21111, 19862, 19311, 21352, 18552, 20364, 21476
20927, 20633, 22839, 21236, 19906, 19326, 21430, 18587, 20446, 21490
20938, 20910, 22904, 21297, 19924, 19394, 21556, 18621, 20531, 21521
20952, 20929, 22930, 21319, 19940, 19407, 21644, 18690, 20613, 21735
21017, 21011, 23004, 21411, 20009, 19488, 21673, 18745, 20624, 21747
21078, 21023, 23096, 21929, 20082, 19491, 21739, 18759, 20631, 21809
21205, 21124, 29475, 21995, 20140, 19513, 21804, 18909, 20710, 21916
21240, 21139, 29488, 22193, 20208, 19548, 21864, 18925, 20736, 21944
21382, 21203, 29502, 22207, 20253, 19568, 21974, 18939, 20740, 21955
24404, 21313, 29689, 22309, 20277, 20089, 21976, 18954, 20776, 22088
24430, 21392, 29704, 22357, 20291, 20102, 22001, 18965, 20808, 22104
24471, 21447, 29720, 22409, 20356, 20117, 22014, 18996, 20840, 22259
24568, 21523, 29751, 22425, 20576, 20179, 22029, 19007, 20867, 23333
24630, 21594, 29772, 22438, 20587, 20315, 22045, 19071, 21039, 23360
24702, 21697, 29785, 22522, 20629, 20329, 22114, 19157, 21053, 23429
24742, 21708, 29799, 22540, 20704, 20360, 22137, 19182, 21057, 23497
24844, 21774, 29818, 23115, 20729, 20419, 22204, 19213, 21141, 23512
24850, 21783, 29827, 23258, 20819, 20431, 22233, 19224, 21155, 23556
25047, 21856, 29883, 23337, 20891, 20479, 22307, 19238, 21187, 23575
25173, 21877, 29950, 23370, 20935, 20553, 22369, 19338, 21279, 23589
25189, 21890, 29985, 23373, 21191, 20664, 22376, 19351, 21341, 23609
25196, 21990, 30019, 23380, 21194, 20727, 22443, 19416, 21358, 23685
25229, 22054, 30031, 23403, 21198, 20741, 22460, 19428, 21415, 23806
25405, 22071, 30053, 23599, 21931, 20757, 22552, 19454, 21482, 23849
25466, 22109, 30084, 23634, 22002, 20795, 22564, 19485, 21558, 23922
25476, 22173, 30134, 23803, 22033, 20849, 22626, 19550, 21563, 23961
25545, 22451, 30237, 23863, 22072, 20894, 22688, 19600, 21570, 23974
25577, 22517, 30336, 23944, 22114, 20908, 22723, 19665, 21581, 24009
25607, 22647, 30389, 24068, 22125, 20922, 22765, 19685, 21655, 24040
25740, 22709, 31003, 24085, 22208, 20987, 22784, 19765, 21674, 24072
25823, 22730, 31067, 24100, 22240, 21074, 22828, 19833, 21700, 24079
25844, 22804, 31080, 24124, 22263, 21087, 22893, 19846, 21719, 24090
25857, 22821, 31102, 24179, 22299, 21101, 22943, 19904, 21755, 24130
25898, 22823, 31132, 24232, 22344, 21164, 22987, 19920, 21757, 24285
25926, 22924, 31213, 24256, 22357, 21245, 23029, 19936, 21799, 24367
25949, 22987, 31238, 24332, 22387, 21251, 23053, 19952, 21830, 24378
26044, 23052, 31264, 24344, 22407, 21254, 23119, 19959, 22190, 24391
26084, 23070, 31345, 24409, 22419, 21355, 23284, 19974, 22230, 24475
26170, 23139, 31372, 24445, 22432, 21368, 23318, 20306, 22289, 24538
26188, 23145, 31442, 24538, 22446, 21460, 23415, 20317, 22357, 24582
26222, 23214, 31449, 24567, 22460, 21567, 23451, 20418, 22373, 24631
26388, 23238, 32128, 24651, 22527, 21729, 23482, 20422, 22410, 24693
26424, 23319, 32213, 24727, 22540, 21807, 23536, 20464, 22425, 24695
26487, 23339, 32226, 24767, 22563, 21845, 23551, 20482, 22518, 24709
26645, 23432, 32231, 24790, 22595, 21863, 23597, 20497, 22533, 24742
26682, 23450, 32822, 24969, 22695, 21875, 23633, 20509, 22567, 24759
26755, 23476, 32860, 25036, 22852, 21886, 23642, 20535, 22622, 24775
26795, 23530, 32880, 25043, 22916, 21972, 23688, 20539, 22675, 24793
26829, 23561, 32899, 25114, 22960, 22023, 23702, 20583, 22716, 24795
26900, 23597, 32918, 25170, 23029, 22122, 23734, 20596, 22781, 24813
26915, 25867, 32942, 25267, 23086, 22167, 23828, 20609, 22856, 24833
26930, 25937, 32955, 25271, 23234, 22182, 23925, 20708, 22858, 24850
27787, 25964, 32968, 25329, 23248, 22189, 23961, 20773, 22865, 24922
27955, 25988, 32983, 25341, 23253, 22220, 24052, 20787, 22898, 25072
27967, 26003, 33027, 25348, 23344, 22263, 24067, 20799, 23025, 25072
27967, 27139, 33124, 25359, 23382, 22298, 24104, 20885, 23103, 25136
28033, 27146, 33201, 25370, 23406, 22514, 24191, 20938, 23167, 25153
28082, 27179, 33214, 25437, 23478, 22581, 24290, 20995, 23194, 25163
28116, 27322, 33263, 25444, 23496, 22621, 24322, 21104, 23271, 25222
28122, 27384, 33409, 25486, 23564, 22646, 24386, 21122, 23283, 25241
28127, 27644, 33672, 25642, 23636, 22675, 24408, 21139, 23353, 25397
28140, 27750, 33685, 25662, 23660, 22691, 24463, 21212, 23364, 25397
28159, 27754, 33745, 25676, 23676, 22798, 24609, 21225, 23984, 25410
28222, 27755, 33806, 25693, 23701, 22839, 24684, 21255, 24054, 25518
28253, 27950, 33851, 25715, 23718, 22855, 24746, 21282, 24066, 25585
28267, 27971, 33904, 25728, 23969, 22866, 24764, 21330, 24099, 25592
28282, 28020, 33919, 25739, 23978, 22962, 24841, 21397, 24142, 25642
28344, 28062, 33922, 25770, 24001, 22980, 24856, 21458, 24145, 25654
29400, 28098, 33979, 25836, 24068, 23095, 24871, 22122, 24283, 25698
29505, 28102, 34098, 25838, 24095, 23235, 24884, 22147, 24308, 25758
29561, 28246, 34133, 25896, 24109, 23291, 24957, 22162, 24341, 25774
29658, 28266, 34178, 26246, 24435, 23302, 25061, 22179, 24434, 25785
29734, 28280, 34207, 26312, 24499, 23409, 25088, 22182, 24486, 25802
29784, 28403, 34277, 26344, 24512, 23427, 25151, 22250, 24500, 25834
29869, 28429, 34480, 26529, 24578, 23511, 25283, 22314, 24504, 25868
30016, 28466, 34545, 26635, 24646, 23555, 25350, 23183, 24738, 26094
30040, 28485, 34631, 26653, 24840, 23588, 25363, 23215, 24808, 26116
30067, 28499, 34674, 26679, 24915, 23604, 25446, 23228, 24827, 26216
30080, 28544, 34754, 26757, 24998, 23621, 25502, 23235, 24892, 26230
30083, 28555, 34845, 26771, 25011, 23883, 25577, 23304, 24911, 26295
30095, 28663, 34968, 26843, 25111, 23947, 25701, 23344, 24962, 26334
30173, 28728, 35078, 26869, 25195, 24009, 25825, 23525, 24984, 26400
33881, 28810, 35148, 26888, 25231, 24042, 25887, 23738, 25023, 26471
33914, 28843, 35201, 26902, 25295, 24092, 25917, 23771, 25175, 26486
34856, 28924, 35349, 26928, 25333, 24111, 25929, 23835, 25187, 26575
34913, 29013, 35370, 26966, 25400, 24127, 25983, 23931, 25264, 26622
34976, 29020, 35455, 27039, 25451, 24191, 26015, 23949, 25268, 26732
34996, 29033, 35509, 27060, 25478, 24210, 26106, 24058, 25281, 26770
35061, 29075, 35630, 27072, 25573, 24226, 26150, 24171, 25365, 26773
35121, 29134, 35828, 27092, 25617, 24327, 26191, 24182, 25430, 26789
35290, 29147, 35861, 27157, 25619, 24356, 26205, 24231, 25493, 26804
35359, 29173, 36149, 27168, 25649, 24392, 26221, 24238, 25534, 26804
35370, 29222, 36296, 27204, 25729, 30445, 26275, 24342, 25548, 26812
35382, 29291, 36313, 27221, 25753, 30911, 26312, 24377, 25559, 26901
35384, 29366, 36377, 27250, 25912, 30978, 26333, 24447, 25582, 26903
35386, 29368, 36448, 27282, 25982, 30992, 26349, 24491, 25616, 26929
35521, 29501, 36496, 27350, 26063, 31058, 26411, 24571, 25777, 26978
35540, 30147, 36510, 27416, 26187, 31169, 26417, 24653, 25888, 27020
35597, 30164, 36574, 27477, 26211, 31283, 26447, 24727, 25951, 27086
35685, 30175, 36599, 27494, 26227, 31294, 26488, 24758, 25976, 27155
35716, 30208, 36770, 27563, 26266, 31399, 26497, 24792, 26410, 27199
35777, 30271, 36807, 27574, 26369, 31505, 26512, 24942, 26440, 27244
35828, 30329, 36848, 27638, 26389, 31536, 26519, 24955, 26458, 27261
35854, 30343, 36848, 27690, 26391, 31547, 26601, 24987, 26668, 27264
35951, 30410, 36922, 27732, 26436, 32496, 26620, 25014, 26679, 27396
36036, 30421, 37149, 27748, 26607, 32551, 26688, 25028, 26743, 27460
36066, 30447, 37182, 27807, 26671, 32629, 26708, 25032, 26758, 27525
36201, 30459, 37235, 27821, 26727, 32647, 26739, 25043, 26795, 27551
36215, 30488, 37259, 27880, 26793, 32669, 26752, 25122, 26826, 27697
36227, 30532, 37323, 27892, 26810, 32701, 26765, 25140, 26828, 27715
36266, 30563, 37423, 28169, 26826, 32827, 26776, 25145, 26847, 27733
36316, 30626, 37582, 28183, 26840, 32861, 26818, 25349, 26872, 27740
36368, 30694, 37657, 28262, 26972, 32935, 26830, 25422, 26971, 27775
36382, 30758, 37701, 28274, 27054, 32988, 26830, 25437, 26996, 27803
36563, 30789, 37732, 28287, 27072, 33001, 26842, 25506, 27034, 27816
36576, 30854, 37797, 28322, 27115, 33066, 26845, 25519, 29352, 27835
36619, 30882, 37799, 28388, 27118, 33089, 26905, 25595, 29367, 27864
36665, 30896, 37819, 28502, 27129, 33108, 26919, 25609, 29394, 27894
36673, 30967, 37834, 28518, 27201, 33139, 26930, 25686, 29438, 28093
36739, 31031, 37845, 28559, 27224, 33276, 26950, 25791, 29462, 28106
36785, 31097, 37910, 28584, 27295, 33420, 27014, 25831, 29464, 28279
37001, 31134, 38036, 28599, 27299, 33451, 27051, 25909, 29481, 28638
37085, 31176, 38097, 28680, 27376, 33490, 27076, 25971, 29491, 29689
37102, 31213, 38155, 28707, 27439, 33628, 27083, 25995, 29561, 29788
37205, 31233, 38166, 28770, 27470, 33673, 27163, 25999, 29711, 29801
37243, 31372, 38219, 28832, 27554, 33688, 27244, 26017, 29867, 29818
37285, 31537, 38239, 28870, 27568, 33702, 27449, 26048, 29980, 29849
37432, 31645, 38257, 28963, 27584, 33738, 27476, 26092, 30042, 29921
37438, 31659, 38268, 28978, 27646, 33824, 27490, 26288, 30107, 29991
37452, 31671, 38281, 29066, 27730, 33830, 27591, 26326, 30167, 30005
37489, 31673, 38294, 29291, 27749, 33884, 27609, 26340, 30181, 30050
37526, 31799, 38310, 29368, 27769, 33952, 27697, 26377, 33742, 30144
37542, 31815, 38372, 29460, 28014, 34028, 27728, 26392, 33767, 30186
37553, 31938, 38442, 29511, 28046, 34055, 27741, 26394, 33809, 30189
37598, 31953, 38512, 29520, 29181, 34117, 27791, 26505, 33809, 30803
37612, 31966, 38633, 29591, 29184, 34130, 27807, 26517, 33845, 30918
37634, 31977, 38695, 29611, 29292, 34142, 27845, 26523, 33877, 30941
37662, 32017, 38743, 29681, 29310, 34187, 27913, 26607, 33979, 31146
37724, 32033, 38815, 29682, 29325, 34207, 27939, 26886, 34044, 31406
37765, 32048, 38886, 29909, 29344, 34286, 27941, 26922, 34134, 31446
37783, 32092, 38995, 29942, 29363, 34383, 27943, 26939, 34145, 31450
37899, 32132, 39030, 29955, 29409, 34446, 28014, 26975, 34183, 31525
37940, 32201, 39043, 29998, 29472, 34461, 28074, 26975, 34268, 31572
37982, 32231, 39061, 30129, 29563, 34478, 28087, 26978, 34332, 31703
37986, 32292, 39119, 30162, 29698, 34492, 28094, 27004, 34411, 31719
38336, 32331, 39255, 30221, 29829, 34499, 28107, 27017, 34456, 31743
38422, 32358, 39302, 30303, 29843, 34583, 28159, 27036, 34469, 31754
38491, 32371, 39367, 30314, 29856, 34647, 28162, 27137, 34559, 31815
38540, 32471, 39402, 30421, 29918, 34741, 28175, 27156, 34576, 31846
38543, 32533, 39429, 30523, 29983, 34804, 28216, 27209, 34731, 31939
38618, 32545, 39501, 30555, 30025, 35197, 28227, 27217, 34749, 32076
39126, 32606, 39529, 30640, 30049, 35322, 28322, 27291, 34780, 32100
39198, 32647, 39753, 30655, 30080, 35359, 28397, 27315, 34792, 32232
39234, 32837, 39787, 30736, 30622, 35442, 28429, 27333, 34848, 32250
39250, 32890, 39857, 30749, 30692, 35465, 28461, 27389, 34862, 32261
39305, 32924, 39893, 30760, 30823, 35518, 28495, 27525, 34923, 32275
39422, 32964, 39960, 31137, 30887, 35531, 28633, 27592, 34991, 32289
39434, 32982, 40052, 31168, 30908, 35555, 28686, 27704, 35019, 32350
39508, 33031, 40090, 31175, 30952, 35573, 28704, 27779, 35083, 32425
39874, 33207, 40120, 31187, 31094, 35575, 28782, 27841, 35106, 32444
39981, 33218, 40155, 31389, 31147, 35642, 28818, 27853, 35134, 32509
40008, 33280, 40159, 31600, 31181, 35660, 28930, 27883, 35166, 32603
40063, 33296, 40192, 31685, 31207, 35723, 28994, 27922, 35207, 32660
40129, 33329, 40297, 31759, 31274, 35834, 29007, 27944, 35357, 32672
40144, 33350, 40311, 31777, 31285, 35947, 29073, 27984, 35371, 32676
40164, 33411, 40393, 31806, 31299, 35988, 29140, 28017, 35373, 32688
40183, 33469, 40447, 31886, 31323, 35999, 31110, 28038, 35426, 32764
40202, 33513, 40511, 32028, 31519, 36121, 31130, 28067, 35496, 32888
40220, 33587, 40513, 32145, 31551, 36217, 31192, 28134, 35559, 32912
40308, 33622, 40546, 32147, 31591, 36282, 31208, 28170, 35629, 33003
40371, 33633, 40624, 32177, 31649, 36462, 31220, 28182, 35656, 33071
40395, 33635, 40685, 32272, 31706, 36488, 31237, 28193, 35706, 33141
40535, 33702, 40957, 32322, 31755, 36501, 31289, 28206, 35747, 33154
40574, 33809, 41028, 32341, 31810, 36539, 31307, 28290, 35766, 33253
40585, 33834, 41064, 32348, 31838, 36784, 31371, 28350, 35871, 33325
40601, 33897, 41114, 32359, 31901, 36926, 31377, 28383, 35919, 33431
40623, 33941, 41221, 32431, 31960, 36957, 31416, 28400, 35979, 33629
40708, 33952, 41320, 32484, 32127, 37024, 31484, 28468, 36059, 33692
40798, 33969, 41374, 32539, 32160, 37086, 31514, 28534, 36089, 33811
40953, 33986, 41414, 32581, 32171, 37162, 31614, 28681, 36134, 33905
40967, 33988, 41445, 32661, 32216, 37175, 32160, 28965, 36197, 33955
40993, 34338, 41464, 32703, 32254, 37189, 32204, 28979, 36327, 34016
41065, 34340, 41533, 32846, 32454, 37238, 32259, 29082, 36406, 34105
41185, 34351, 41588, 32859, 32497, 37317, 32284, 29125, 36450, 34169
41205, 34411, 41651, 32877, 32534, 37362, 32377, 29213, 36498, 34223
41309, 34457, 41722, 32910, 32697, 37428, 32421, 29269, 36530, 34258
41342, 34468, 41756, 33441, 32763, 37446, 32558, 29347, 36597, 34305
41404, 34482, 41767, 33525, 32778, 37507, 32622, 29361, 36615, 34317
41470, 34498, 41819, 33527, 32818, 37560, 32731, 29373, 36655, 34356
41537, 34649, 41880, 33665, 32820, 37574, 32806, 29391, 36697, 34425
41567, 34698, 41900, 33683, 32834, 37615, 32810, 29431, 36753, 34472
41604, 34735, 41927, 33769, 32969, 37743, 32822, 29470, 36755, 34718
41637, 34752, 42144, 33779, 33038, 37761, 32833, 29535, 36822, 34730
41729, 34752, 42261, 33849, 33052, 37761, 32931, 29554, 36869, 34807
41774, 34807, 42272, 34007, 33547, 37825, 32945, 29618, 36921, 34833
41838, 34820, 42623, 34023, 33593, 37867, 32980, 29758, 36923, 34946
41857, 34876, 42673, 34041, 33740, 37948, 33052, 29785, 37028, 35031
41959, 34954, 42734, 34139, 33781, 38007, 33120, 29812, 37052, 35063
42065, 35009, 42738, 40176, 33799, 38011, 33138, 29814, 37112, 35098
42139, 35044, 42741, 40245, 33806, 38075, 33281, 29915, 37232, 35105
42153, 35120, 42807, 40290, 33843, 38077, 33329, 29926, 37295, 35122
42485, 35160, 42904, 40362, 33859, 38089, 33364, 29986, 37363, 35170
42498, 35172, 42920, 40375, 33915, 38102, 33377, 30049, 37374, 35200
42498, 35225, 42982, 40398, 33996, 38179, 33412, 30186, 37391, 35264
42523, 35279, 43049, 40471, 34067, 38200, 33470, 30199, 37508, 35285
42550, 35292, 43107, 40534, 34098, 38528, 33485, 30355, 37530, 41362
42604, 35331, 43240, 40587, 34148, 38565, 33606, 30420, 37632, 41386
42667, 35876, 43253, 40596, 34229, 38602, 33636, 30439, 37670, 41403
42724, 35907, 43464, 40648, 34292, 38614, 33711, 30451, 37709, 41417
42735, 35924, 43471, 40674, 34820, 38624, 33711, 31509, 37753, 41479
42778, 35940, 43565, 40698, 34908, 38671, 33846, 31524, 37765, 41547
42780, 35981, 43580, 40725, 34976, 38823, 34056, 31743, 37976, 41551
42793, 36166, 43791, 40737, 35046, 38849, 34173, 31757, 38003, 41606
42853, 36377, 43925, 40808, 35215, 38856, 34190, 31771, 38019, 41617
43435, 36441, 43944, 40849, 35250, 38874, 34207, 31809, 38058, 41679
43485, 36595, 44042, 40876, 35344, 38938, 34261, 31876, 38090, 41697
43530, 36615, 44053, 40924, 35357, 38945, 34391, 31892, 38170, 41805
43568, 36621, 44090, 40984, 35399, 39012, 34426, 31906, 38282, 41823
44191, 36701, 44101, 41050, 35422, 39034, 34470, 32917, 38296, 41849
44279, 36772, 44172, 41115, 35433, 39046, 34609, 32959, 38307, 41863
44298, 36795, 44220, 41175, 35496, 39090, 34653, 33000, 38314, 41945
44329, 36872, 44251, 41187, 35574, 39120, 34761, 33031, 38364, 41959
44453, 36901, 44271, 41288, 35592, 39181, 34838, 33150, 38475, 41972
44533, 36944, 44301, 41420, 35669, 39194, 34978, 33182, 38671, 41983
44556, 36982, 44415, 41449, 35704, 39265, 35063, 33200, 38745, 42089
44556, 37140, 44457, 41471, 35874, 39278, 35078, 33239, 38852, 42149
44569, 37239, 44481, 41546, 35952, 39309, 35133, 33264, 38866, 42193
46803, 37305, 44508, 41577, 36062, 39316, 35147, 33277, 38929, 42223
46871, 37319, 44568, 41630, 36133, 39344, 35154, 33322, 38995, 42261
46883, 37407, 44590, 41641, 36162, 39348, 35171, 33396, 39027, 42279
46899, 37463, 44669, 41661, 36220, 39398, 35234, 33455, 39067, 42320
46971, 37476, 44744, 41702, 36323, 39439, 35250, 33469, 39081, 42366
46993, 37498, 44762, 41751, 36337, 39464, 35271, 33482, 39094, 42550
48085, 37514, 44838, 41794, 36401, 39494, 35351, 33517, 39136, 42576
48163, 37545, 44870, 41821, 36408, 39556, 35396, 33552, 39270, 42609
48908, 37563, 44889, 41913, 36488, 39558, 35479, 33660, 39323, 42697
48981, 37585, 44951, 41949, 36500, 39636, 35498, 33660, 39402, 42712
49057, 37596, 44953, 41988, 36514, 39721, 35531, 33662, 39422, 42724
49130, 37644, 44977, 42001, 36528, 39733, 35558, 33729, 39476, 42805
49144, 37690, 45046, 42024, 36663, 39752, 35606, 33794, 39521, 42875
49239, 37870, 45134, 42045, 36699, 39792, 35629, 34001, 39541, 42904
49252, 37902, 45198, 42127, 36768, 39808, 35736, 34014, 39583, 42943
49325, 37921, 45201, 42132, 36855, 39851, 35827, 34026, 39618, 42956
49339, 37946, 45269, 42151, 36869, 39916, 35858, 34040, 39714, 43009
49395, 38068, 45310, 42166, 36882, 39993, 35902, 34084, 39727, 43169
49428, 38096, 45415, 42235, 36899, 39999, 35920, 34156, 39754, 43183
49485, 38160, 45422, 42299, 36901, 40044, 35987, 34228, 39787, 43218
49499, 38166, 45522, 42406, 36973, 40060, 36044, 34359, 39849, 43248
49563, 38213, 45543, 42426, 37001, 40092, 36173, 34444, 39913, 43281
49628, 38233, 45606, 42459, 37013, 40106, 36175, 34698, 39985, 43318
49643, 38331, 45669, 42476, 37049, 40139, 36219, 34715, 40052, 43337
49655, 38334, 45686, 42549, 37082, 40205, 36276, 34732, 40129, 43349
49716, 38404, 45813, 42606, 37139, 40247, 36290, 34843, 40141, 43418
49748, 38431, 45850, 42638, 37856, 40287, 36349, 34963, 40150, 43509
