2688, 3014, 4263, 2630, 2597, 2311, 2451, 3321, 3152, 3367
2770, 3383, 5576, 4582, 2877, 4049, 3244, 3406, 4476, 3534
2936, 3780, 5615, 4615, 3435, 4295, 3377, 4352, 5683, 3757
3064, 11457, 5778, 4687, 7454, 4949, 3770, 4356, 5743, 3922
6836, 11497, 6017, 4936, 7575, 6051, 3849, 4482, 6706, 3934
7143, 11601, 6087, 13479, 7592, 10126, 3937, 4498, 7472, 5883
7161, 15493, 6360, 18400, 9917, 10266, 4878, 4619, 7474, 6135
7292, 15936, 6585, 18402, 11100, 12069, 6060, 5807, 11093, 6321
8410, 16107, 6585, 22886, 11399, 13111, 6100, 5822, 12073, 6735
9233, 17934, 6598, 22928, 11422, 13188, 10235, 5886, 12633, 6828
9281, 17938, 6703, 23187, 15885, 13577, 13453, 6038, 12675, 6829
9296, 17977, 6722, 23294, 17390, 13579, 13453, 6195, 12675, 6859
12026, 18243, 6745, 25316, 17465, 13800, 13923, 6341, 12733, 7510
12026, 18243, 6756, 25327, 17729, 13805, 16276, 6585, 13390, 7540
12137, 18247, 6810, 32388, 18024, 13881, 16621, 6890, 13436, 10898
12140, 18251, 7020, 35172, 18026, 13948, 16709, 6941, 13707, 10988
12278, 18260, 7051, 35296, 18160, 14207, 16899, 6992, 13888, 10992
12300, 18531, 7690, 35296, 18230, 14217, 16972, 7896, 13890, 11097
12993, 18830, 7724, 35302, 18432, 14810, 17621, 8058, 13959, 11175
13830, 18911, 8184, 35317, 18449, 14836, 17628, 8087, 13974, 20823
14215, 21370, 8186, 35410, 18606, 14843, 17754, 8645, 15044, 20831
15782, 21971, 8233, 35574, 18619, 14940, 18025, 12550, 15093, 20907
15905, 22151, 8272, 35574, 18633, 15385, 18137, 12597, 15172, 20907
15970, 22192, 8272, 35588, 19944, 15783, 18137, 12597, 15192, 20922
16634, 23236, 8600, 35791, 19949, 15785, 21090, 12604, 15203, 20927
16650, 23239, 9279, 35852, 19972, 15811, 21225, 12624, 15213, 20927
16652, 23455, 9279, 35981, 20007, 15942, 26558, 12625, 15243, 20932
16669, 23464, 12259, 35997, 20666, 16229, 26561, 12776, 15315, 26415
16687, 23464, 12279, 38199, 22926, 16258, 26658, 12976, 15341, 26423
17535, 23691, 16008, 38237, 23010, 18587, 27289, 12989, 15550, 26445
17598, 23713, 16020, 38263, 23013, 18587, 27414, 15361, 15559, 26726
18033, 23858, 16020, 38356, 23023, 18590, 27512, 15567, 15633, 26742
18047, 23995, 16061, 38416, 23047, 18641, 27514, 15585, 16396, 26984
18061, 24122, 16062, 38418, 23063, 18689, 28206, 15830, 16575, 26985
18067, 25236, 16377, 39348, 23266, 18693, 28319, 16044, 17260, 26990
19856, 25242, 16388, 39363, 23284, 18956, 37831, 16044, 17367, 27008
19930, 25242, 16533, 39944, 23362, 19004, 38360, 16058, 20424, 27044
20001, 25265, 20163, 42261, 23516, 19081, 38396, 16611, 20432, 27154
22393, 25433, 20228, 42274, 23524, 21415, 38399, 16994, 20448, 27535
22393, 25456, 20255, 42292, 23761, 22247, 38657, 17106, 20450, 29076
22442, 25488, 20306, 42356, 23789, 22247, 38746, 17138, 20535, 29284
22575, 25990, 20308, 42618, 23789, 22285, 38925, 17151, 24575, 29517
22578, 26752, 20341, 42629, 23794, 22288, 38996, 17297, 24575, 29627
24557, 26779, 20598, 42629, 24030, 22347, 39011, 17311, 24575, 29627
24557, 27259, 20599, 42629, 24165, 22373, 39265, 24703, 25181, 29650
24988, 28111, 20677, 42654, 24257, 22378, 39333, 24706, 25181, 29697
24995, 28136, 22199, 42719, 24282, 22378, 40169, 24714, 25183, 29703
25142, 28136, 23295, 42727, 24287, 23583, 40183, 24812, 25191, 29726
25142, 28149, 23296, 42727, 24287, 23810, 40277, 26663, 25268, 29754
25144, 28342, 23320, 44500, 24310, 23819, 41355, 26663, 25816, 29930
25275, 28350, 23420, 44554, 24452, 23820, 41364, 26897, 25816, 31082
25307, 28353, 23429, 44558, 24465, 24177, 43116, 26923, 26050, 31083
25377, 28404, 23641, 47084, 24514, 24276, 43119, 27630, 26287, 31090
26166, 28428, 23653, 47804, 24547, 24311, 43194, 29698, 26288, 31091
26198, 30510, 24195, 47846, 24665, 25374, 43885, 31688, 26288, 31093
26602, 30567, 24204, 47876, 24667, 26999, 43931, 31718, 26323, 31241
26602, 37740, 24641, 48407, 24782, 27138, 44416, 31721, 26329, 31453
26610, 37740, 24641, 48407, 24840, 27239, 44488, 31724, 26342, 31561
26610, 38105, 24719, 48408, 24840, 27303, 44561, 31760, 26344, 31587
26694, 38109, 24759, 48416, 24863, 27529, 44590, 31815, 26344, 31686
26700, 38541, 25396, 48454, 24863, 27532, 44596, 31865, 26347, 31887
26732, 38637, 25754, 48473, 24871, 27532, 47771, 31909, 26353, 31887
26763, 38660, 25754, 48594, 26048, 27532, 47842, 31953, 26354, 31920
26800, 38666, 25758, 48606, 26122, 27598, 48011, 31964, 26437, 32050
26802, 39226, 25802, 48661, 27965, 27604, 48019, 32711, 26515, 32078
30161, 39774, 25816, 48661, 28156, 27628, 48019, 32724, 27194, 32133
30600, 41427, 25816, 48818, 28156, 27651, 48056, 32725, 27417, 32157
30926, 41633, 26142, 48821, 28164, 28218, 48056, 32725, 27428, 32157
30926, 41986, 26396, 48821, 28321, 28222, 48165, 32954, 27429, 32192
30930, 41986, 26515, 48904, 28321, 28796, 48249, 38364, 27502, 32204
32954, 41986, 26535, 50951, 28321, 28838, 48323, 38389, 27763, 32852
33008, 41986, 26804, 50985, 28329, 28846, 48501, 38392, 27763, 33580
33008, 42038, 26813, 50985, 28421, 28857, 48501, 38442, 27765, 33710
33008, 42038, 26826, 50985, 28562, 28876, 48501, 38669, 27808, 33906
33017, 42045, 26827, 51046, 28562, 29258, 48550, 38669, 27997, 34058
33045, 42072, 26918, 51140, 29222, 29290, 48573, 38693, 28185, 38390
33045, 42074, 27265, 51701, 29303, 29332, 49017, 39416, 28379, 38403
33046, 42221, 27268, 51828, 29320, 29332, 49023, 39418, 28392, 38407
33051, 42221, 27270, 51831, 34633, 29364, 49138, 39427, 28393, 38424
33051, 42227, 27270, 51910, 34657, 29386, 49150, 39427, 28393, 38472
34515, 42259, 27278, 51916, 34766, 29398, 49209, 39834, 28447, 38476
34521, 42365, 27497, 51947, 34811, 29400, 49330, 39864, 28669, 38490
34575, 43097, 27578, 52183, 34938, 29404, 49330, 39900, 28669, 38704
39396, 43097, 27778, 52183, 34948, 33695, 49360, 40003, 28814, 38989
39397, 43496, 27778, 52183, 34982, 33714, 49378, 40021, 34015, 39214
39405, 43561, 27811, 52320, 35046, 33714, 50719, 40022, 34047, 39214
39496, 43650, 27835, 52356, 35276, 33714, 50720, 40557, 34093, 39706
39657, 44245, 27994, 52356, 35406, 33761, 50812, 40795, 34099, 40747
39662, 44254, 28042, 52563, 35415, 33778, 50814, 40925, 34099, 40819
39672, 44254, 28094, 52677, 35686, 34034, 50976, 40933, 34139, 40827
39673, 44262, 28150, 52939, 35714, 34724, 52042, 40942, 34758, 40837
39928, 44541, 28166, 53222, 36238, 34812, 52046, 41017, 35724, 40870
39994, 44687, 28281, 53223, 36269, 34823, 52046, 41077, 35851, 40878
40026, 44687, 28945, 53897, 36269, 35458, 52095, 41096, 36432, 40966
40146, 44868, 28945, 53898, 36269, 35470, 52324, 47964, 36474, 40981
40392, 45234, 28991, 54124, 36269, 35600, 52326, 47974, 36495, 40994
40414, 45270, 28991, 54176, 36283, 35609, 52354, 48405, 36495, 40996
40425, 45433, 29012, 54985, 36296, 35630, 52380, 48405, 36499, 40996
40425, 45443, 29012, 55008, 36303, 35630, 52387, 48599, 36558, 41891
41088, 45771, 29092, 55185, 36337, 35751, 52430, 48623, 36797, 41922
41129, 45915, 29092, 55232, 36343, 35833, 52443, 48632, 36799, 41929
41129, 46287, 29415, 55248, 36426, 35903, 52458, 48634, 36807, 42028
41134, 46287, 29421, 55272, 36442, 35981, 52475, 48814, 36807, 42112
43334, 46296, 29532, 55274, 36444, 35981, 52476, 48821, 38137, 42402
43461, 46296, 31946, 55279, 36500, 35990, 52483, 48835, 38222, 42403
43476, 46499, 32093, 55954, 36514, 35990, 52751, 48850, 38247, 44192
43531, 47009, 32125, 55954, 36549, 36876, 52786, 48850, 38247, 44207
43783, 47054, 32150, 56180, 36637, 36880, 52789, 48851, 38291, 44208
43852, 47061, 32297, 56238, 36814, 37007, 52789, 49063, 38297, 44208
43855, 47068, 32360, 56247, 36814, 37843, 52789, 49082, 38334, 44212
43986, 47134, 32407, 56268, 36819, 37843, 52791, 49353, 38369, 44212
43986, 47731, 32410, 56268, 37113, 37902, 52818, 49595, 38369, 44239
44028, 47937, 32410, 56996, 37565, 38141, 52818, 49828, 38502, 44687
44028, 47938, 32464, 57001, 37607, 38141, 52851, 50021, 39080, 44751
44032, 48232, 32484, 57099, 37869, 38141, 52853, 50022, 39083, 44842
44067, 48652, 32595, 57099, 38156, 38148, 52858, 50117, 39083, 44842
44088, 48661, 32600, 57203, 38156, 38156, 52893, 50119, 39085, 44910
44088, 49133, 32616, 57208, 38196, 38156, 52893, 50815, 39962, 44925
44113, 49134, 32624, 57500, 38811, 38162, 52893, 51799, 39963, 45039
44202, 49134, 32643, 57502, 38812, 39659, 52905, 53524, 41886, 45045
44202, 49189, 32718, 57511, 38812, 39671, 52905, 53721, 44205, 45045
44202, 49489, 32723, 57530, 38812, 39671, 53661, 53721, 44205, 52103
44235, 49923, 32820, 58933, 39372, 39671, 53703, 54058, 44222, 52317
44240, 50099, 32862, 59526, 39378, 39680, 53703, 54058, 45944, 52368
46160, 50099, 32862, 59532, 39384, 39708, 53962, 54084, 45989, 52605
46160, 50104, 32862, 59533, 39621, 39714, 53962, 54091, 46115, 52606
46172, 50104, 32862, 59535, 39764, 39937, 53975, 54118, 46135, 52606
47043, 50104, 33533, 59535, 39771, 39937, 53986, 54573, 46178, 52655
47292, 50482, 33547, 59535, 39839, 40034, 53991, 54573, 46196, 52759
47452, 50502, 33547, 59593, 40059, 40369, 53991, 54575, 46486, 52759
47471, 50556, 33553, 59593, 40059, 40403, 54039, 54580, 46491, 53158
47474, 50557, 34131, 59622, 40144, 40403, 54044, 54603, 46502, 53158
47489, 50570, 34146, 59665, 40855, 40429, 54048, 54604, 46556, 54528
47489, 50570, 34146, 59669, 40878, 40453, 57847, 54786, 46671, 55228
47501, 50579, 34147, 59677, 40878, 40463, 57847, 54786, 46990, 55280
47547, 50626, 34423, 59899, 41393, 40492, 57872, 54786, 47138, 55290
47622, 50726, 34423, 60489, 41412, 40496, 57911, 56182, 47440, 55290
47641, 50733, 34559, 60492, 41412, 40851, 58672, 56187, 47668, 55300
47846, 50733, 34559, 60589, 41444, 40886, 58724, 56596, 47676, 55300
47901, 50857, 34571, 60759, 41445, 40910, 58724, 56603, 47707, 55300
48679, 50857, 34739, 60774, 41480, 40911, 58724, 56611, 47769, 55300
48699, 53202, 35614, 60924, 41772, 40911, 58900, 56611, 47783, 55300
48709, 53202, 35639, 60973, 41809, 41334, 77179, 56611, 47783, 55305
48711, 53245, 35889, 61037, 41848, 41334, 77858, 56878, 47783, 55305
48814, 53273, 35895, 61056, 42360, 41334, 77899, 56916, 48474, 55306
48829, 53284, 35952, 61479, 42505, 41334, 77900, 56927, 48481, 57146
52362, 53285, 35952, 61479, 42505, 41334, 77918, 56938, 48497, 57162
52362, 53285, 35958, 61537, 42506, 41337, 77918, 56945, 48535, 57441
52490, 53285, 35958, 61538, 42506, 41413, 77935, 57445, 48535, 57458
52491, 53380, 57517, 61746, 42558, 41426, 77937, 57463, 48547, 57490
52529, 53384, 57517, 61746, 42612, 41459, 77956, 57497, 48547, 57490
52553, 54013, 57868, 61746, 42615, 41543, 77957, 57497, 48558, 57508
52802, 54013, 58024, 61878, 42645, 41574, 78045, 57505, 48987, 57528
52877, 54507, 58047, 61878, 42653, 41574, 78045, 57589, 49185, 57748
53089, 55249, 58047, 61902, 42653, 41587, 78188, 57594, 49190, 57764
53260, 55264, 58085, 61903, 42808, 41592, 78300, 57663, 49236, 57812
53619, 55765, 58323, 62147, 42871, 41592, 78317, 57708, 49378, 57812
53702, 55811, 58332, 62212, 42966, 43737, 78331, 58241, 49378, 57823
53720, 55811, 58332, 62501, 42976, 43737, 78405, 58292, 55190, 57918
53728, 57064, 58338, 62826, 42999, 43800, 78551, 58358, 55431, 57933
53802, 57132, 58338, 63219, 42999, 43809, 78566, 58391, 55543, 57977
53802, 57192, 58338, 70237, 43281, 43839, 78566, 58529, 55569, 57977
55823, 57262, 58342, 70243, 43810, 43844, 79006, 58581, 55571, 57995
55823, 57262, 58742, 70248, 43810, 43895, 79006, 58590, 55654, 58127
55823, 57332, 58772, 70248, 43810, 43900, 79010, 58596, 55654, 58291
55823, 57369, 58772, 70279, 44134, 43944, 79045, 58596, 56120, 58304
55824, 57528, 58780, 70306, 44136, 43944, 79092, 58596, 56151, 58304
56013, 57530, 58780, 70317, 44829, 43945, 79100, 58596, 56209, 58304
56013, 57580, 58780, 70317, 44844, 43969, 79176, 58596, 56209, 58334
56013, 57580, 58799, 70425, 44971, 43988, 79215, 58782, 57964, 58336
56016, 57580, 58799, 70427, 44971, 45571, 79236, 58792, 57966, 59128
56060, 58038, 58799, 70737, 45500, 45571, 79278, 59311, 57973, 59250
56452, 59914, 58799, 70770, 45507, 45571, 79316, 59379, 58015, 59250
57777, 59974, 58974, 70777, 45510, 45684, 79388, 59490, 58015, 60869
57834, 59974, 58987, 70788, 45510, 45695, 79473, 61030, 58050, 60879
57834, 60133, 58988, 70821, 45510, 45839, 79526, 61063, 58079, 60879
57834, 60175, 59015, 70825, 45675, 45903, 79526, 61083, 58378, 60879
58064, 60330, 59025, 70834, 45707, 46428, 79658, 61083, 58596, 60981
58074, 60425, 59469, 70846, 46154, 46587, 79658, 61083, 58650, 61547
58091, 60428, 59588, 70927, 46195, 46587, 79658, 61512, 59099, 61551
58181, 60440, 59588, 71017, 46222, 46682, 79668, 63648, 59185, 61569
58217, 60629, 59588, 71036, 46223, 46683, 79670, 67345, 59335, 61575
58272, 60629, 59639, 71075, 46223, 46952, 79702, 67353, 59709, 61589
58274, 60783, 59829, 71360, 46229, 47060, 80175, 67357, 59710, 61591
58308, 60804, 59829, 71385, 46264, 47066, 80381, 67359, 60435, 61752
58404, 60804, 59838, 72311, 46264, 48443, 80401, 67359, 60435, 62158
58407, 60818, 60128, 72322, 46264, 48443, 80401, 67375, 60441, 62250
58431, 60818, 60128, 72346, 46266, 48500, 80493, 67516, 60456, 62626
58660, 60818, 60398, 72356, 46288, 48500, 80505, 67754, 60547, 62646
58660, 60818, 60434, 72389, 46386, 48579, 80505, 67794, 61625, 62660
58932, 60818, 60434, 72503, 46386, 48642, 80586, 67794, 61625, 62861
59103, 60828, 60456, 72516, 46388, 48642, 80602, 67798, 61818, 62861
59193, 60828, 60457, 72553, 46388, 48642, 80602, 68110, 61830, 62865
59214, 60828, 60459, 72923, 46388, 48888, 80603, 68272, 61945, 62907
59235, 60834, 62214, 72932, 66903, 48889, 80612, 68374, 61945, 64651
59290, 60917, 62214, 73451, 66915, 49180, 80619, 68388, 61945, 64687
59564, 61868, 62226, 73451, 67021, 49472, 80619, 68806, 62171, 64771
59625, 62043, 62227, 74052, 67021, 49472, 80619, 68806, 62193, 64774
59690, 62046, 62227, 74068, 67024, 49506, 80760, 68806, 62193, 64785
59690, 62084, 62227, 74087, 67075, 49511, 80772, 68806, 62193, 64785
59853, 64809, 62265, 74212, 67298, 49529, 80810, 68806, 62205, 64813
59863, 64822, 62280, 74216, 67298, 49529, 80810, 68809, 62207, 64813
59863, 64886, 62281, 74216, 67298, 49541, 80810, 68932, 62690, 64851
59961, 64886, 62281, 74216, 67400, 49541, 80916, 68933, 62704, 64861
59969, 64899, 62299, 74238, 67402, 49559, 80918, 69012, 62704, 65003
59969, 64917, 62315, 74279, 67408, 49637, 80936, 69037, 62731, 65571
61106, 64917, 62321, 74279, 67408, 49637, 80936, 69354, 62760, 65611
61128, 65055, 62321, 74279, 67455, 49637, 80999, 69363, 62766, 65641
61148, 65055, 62520, 74522, 67456, 49701, 81400, 69799, 62782, 65653
61150, 65089, 62663, 74522, 67456, 49713, 81400, 69905, 62783, 65656
61150, 65226, 63104, 74668, 67458, 49749, 81530, 69905, 62783, 65743
61151, 65230, 63546, 74687, 67458, 49834, 81619, 69906, 62783, 65756
61222, 65286, 63560, 74761, 67481, 49845, 81686, 69930, 62841, 65763
61563, 65310, 63590, 74764, 67496, 49847, 81765, 69930, 62841, 65763
61563, 65622, 63721, 74850, 67630, 49847, 81765, 69930, 62857, 65788
61563, 65709, 63744, 74867, 67753, 49904, 81767, 70004, 62857, 65788
61579, 65734, 63751, 74916, 67753, 49936, 81768, 70004, 62885, 65788
61579, 65734, 64087, 74924, 67898, 50043, 81768, 70005, 64388, 66980
62009, 65736, 64087, 75351, 67898, 50268, 81768, 70005, 64470, 66980
62121, 65739, 64224, 75351, 67900, 50353, 81896, 70039, 64484, 67002
62121, 65743, 64478, 75825, 67900, 50353, 81896, 70066, 65143, 67790
62124, 65747, 64478, 75825, 67900, 50371, 81912, 70088, 65161, 67903
62811, 65747, 64499, 76667, 67900, 50372, 81912, 70088, 65182, 67908
63291, 65747, 64499, 76673, 67900, 50373, 81912, 70373, 65183, 67913
63497, 65843, 64499, 76687, 68863, 50679, 81919, 71047, 65213, 67913
63497, 65850, 64499, 76687, 68863, 50679, 82446, 71051, 65223, 67985
63497, 65850, 64499, 76712, 68863, 51760, 82446, 71061, 65224, 68113
63497, 65850, 64509, 77172, 68967, 51760, 82446, 71125, 65224, 68262
63497, 65863, 64592, 77177, 69040, 51892, 82446, 71125, 65244, 68270
63497, 66018, 64592, 77177, 69201, 51909, 82446, 71125, 65244, 68294
63500, 66102, 64602, 77177, 69323, 51909, 82717, 71125, 65748, 68305
64015, 66119, 65069, 77189, 69326, 52543, 82717, 71135, 65876, 68307
64053, 66157, 66159, 77217, 69337, 53080, 82722, 71150, 65876, 68309
64144, 67448, 66159, 77234, 69507, 53080, 82723, 71150, 65880, 68309
64144, 67452, 66501, 77258, 69814, 53139, 82738, 71286, 66011, 68309
64144, 67452, 66501, 77528, 69814, 53142, 82796, 71286, 66699, 68358
64144, 67452, 66501, 77536, 69852, 53149, 82844, 71530, 66699, 68876
64152, 67525, 66501, 77536, 69856, 53165, 82847, 71553, 66699, 68876
64162, 67636, 66662, 77572, 69857, 53891, 82850, 71600, 66717, 68876
64165, 67639, 66662, 77572, 69967, 53891, 82854, 71604, 66786, 68941
64165, 70600, 66680, 77572, 69967, 53891, 82854, 71616, 66799, 69024
64203, 70607, 66680, 77627, 69967, 54678, 82864, 71867, 66799, 69025
64203, 70645, 66717, 77627, 69967, 54678, 83042, 72095, 66869, 69048
64204, 70645, 66730, 77627, 70120, 54692, 83042, 72095, 66869, 69048
64222, 70647, 66788, 77686, 70135, 54709, 83065, 72095, 66871, 69048
64262, 70667, 66801, 77686, 70139, 54927, 83065, 72323, 67062, 69131
64262, 70668, 67276, 77946, 70496, 54928, 83324, 72329, 67239, 69131
64281, 70688, 67713, 78086, 70906, 54928, 83555, 72450, 67252, 69131
64281, 72371, 67884, 78086, 70906, 54953, 83758, 72582, 67367, 69131
64287, 72371, 67885, 78094, 70915, 54953, 84447, 72589, 67422, 69744
64291, 72396, 67892, 78105, 70953, 54967, 84543, 72727, 67422, 69744
64369, 72396, 67967, 78135, 71507, 54985, 84548, 72727, 67422, 69744
64407, 72416, 68865, 78138, 71507, 54986, 84548, 72773, 67671, 69967
64409, 72418, 68867, 79067, 71551, 54991, 84643, 72781, 67678, 70052
64527, 72418, 68867, 79067, 71699, 54991, 84946, 72781, 67678, 70052
64849, 72804, 70044, 79350, 71718, 54996, 84949, 72795, 67810, 70053
64931, 73014, 70050, 79352, 71718, 54996, 85000, 72795, 67812, 70053
64931, 73077, 70050, 79385, 71736, 55009, 85001, 72795, 67815, 70085
65502, 73147, 70052, 79389, 72516, 55015, 85003, 72795, 67815, 70931
65502, 73155, 70088, 79398, 72516, 55017, 85003, 72823, 68208, 71249
65502, 73409, 70100, 79874, 72516, 55017, 85007, 72842, 68208, 71292
65502, 73409, 70100, 79874, 72518, 55017, 85093, 72851, 68232, 71304
65694, 73411, 70113, 80027, 72588, 55022, 85145, 72855, 68246, 71304
65694, 73414, 70113, 80227, 72599, 55022, 85156, 72855, 68246, 71317
66082, 73509, 70342, 80265, 72645, 55392, 85241, 72855, 68507, 71325
66173, 73509, 70342, 80268, 72707, 55456, 85241, 72874, 68563, 71325
66177, 73514, 70452, 80268, 74599, 55887, 85241, 72874, 68572, 71325
66177, 73681, 70462, 80268, 74615, 55887, 85241, 72874, 68572, 71329
66177, 73681, 70462, 80283, 74615, 55890, 85274, 72874, 68572, 71345
66980, 73681, 70464, 80609, 80466, 55890, 85518, 72876, 68577, 71358
67033, 73685, 70464, 80633, 80962, 56216, 85525, 72880, 68626, 71526
67033, 73757, 70464, 81039, 80962, 56218, 85528, 72880, 68634, 71543
67072, 74875, 70646, 81070, 80962, 56448, 85661, 72889, 68634, 71543
67107, 75112, 70648, 81136, 80962, 56463, 85668, 72889, 68634, 71543
67148, 75515, 70781, 81763, 80964, 56469, 85670, 72889, 68651, 71543
67589, 75515, 75993, 81767, 81121, 56469, 85676, 73036, 68679, 71543
67600, 75515, 76004, 81792, 81149, 56700, 85764, 73051, 68681, 71543
67607, 75515, 76004, 81797, 81149, 56700, 85773, 73060, 68689, 71543
67608, 75546, 76023, 81899, 81250, 56704, 86157, 73218, 68693, 71599
67608, 75546, 76023, 81913, 81275, 56711, 86195, 73242, 68693, 72021
67654, 75670, 76132, 81954, 81275, 56853, 86224, 73260, 68705, 72077
67654, 75670, 76163, 81958, 81432, 56853, 86250, 73260, 68705, 72077
67752, 75813, 76164, 81958, 81432, 56853, 86250, 73260, 68872, 72077
67760, 75820, 76322, 81996, 81432, 56879, 87126, 73260, 68988, 72109
67943, 75831, 76337, 81996, 81432, 56879, 87158, 74959, 68995, 72182
67943, 75831, 76337, 82193, 81432, 56884, 87185, 74959, 69023, 72210
68070, 75835, 76337, 82241, 81432, 57168, 87185, 74986, 69023, 72506
68979, 75872, 82440, 82845, 81436, 58551, 87185, 75009, 69060, 72506
68982, 75892, 82871, 82939, 81436, 58583, 87185, 75013, 69066, 72506
69121, 75910, 82874, 82957, 81445, 58639, 87185, 75023, 69069, 72506
69166, 76018, 82874, 83022, 81445, 58639, 87185, 75023, 69073, 72506
69196, 76018, 83321, 83697, 81461, 58640, 87185, 75023, 69150, 72515
69371, 76155, 83352, 83739, 82819, 58640, 87185, 75051, 69192, 72515
69388, 76338, 83352, 83739, 82819, 59309, 87185, 75051, 69376, 72516
69413, 76363, 83353, 83956, 82819, 59397, 87185, 75096, 69546, 72518
69413, 76365, 83353, 84291, 82927, 59418, 87185, 75096, 69577, 72524
69413, 94885, 83361, 84309, 82936, 59619, 87220, 75096, 69577, 72524
69424, 94949, 83369, 84309, 83318, 59624, 87233, 75358, 69577, 72524
69564, 94952, 83369, 84309, 83318, 59624, 87233, 75371, 69577, 72552
69584, 94952, 83369, 84311, 83330, 59624, 87234, 75371, 69577, 73236
69584, 94952, 83375, 84311, 83343, 59624, 87234, 75371, 69802, 73236
69585, 95822, 83389, 84311, 83344, 59678, 87242, 75371, 69803, 73422
69876, 95822, 83393, 84312, 83382, 61381, 87582, 75385, 69812, 73422
69877, 95829, 83395, 84622, 83392, 61501, 87601, 75390, 69819, 73422
69877, 95924, 83403, 84622, 83392, 61501, 87601, 75927, 69825, 73460
69877, 95924, 83937, 84623, 83418, 61507, 87622, 75928, 69825, 73473
69877, 97672, 84538, 86038, 83497, 61507, 87728, 75973, 69866, 73563
69877, 97721, 84538, 86041, 83507, 61519, 87912, 76141, 69866, 73563
69913, 97721, 84657, 86041, 83507, 61686, 88700, 76141, 75586, 73568
69921, 97723, 84802, 86044, 83507, 61686, 88793, 76171, 75586, 73621
69928, 98451, 84852, 86044, 83507, 61686, 88793, 76171, 75586, 73645
69928, 98467, 85065, 86044, 85042, 61686, 88793, 76341, 75712, 73645
69934, 98488, 85065, 86044, 85042, 61691, 88821, 76341, 75713, 73694
69938, 98509, 85074, 86045, 85042, 61694, 88821, 76341, 75722, 73694
78085, 98591, 85247, 86064, 85096, 61783, 88823, 81894, 75842, 73694
78108, 98609, 85326, 86064, 85099, 61879, 88823, 81894, 75851, 73722
78108, 98654, 85340, 86270, 85099, 61888, 88823, 81894, 75865, 73722
78122, 98664, 85342, 88314, 86878, 61888, 88823, 81896, 75867, 73722
78442, 98664, 85346, 88393, 86878, 62058, 88824, 81896, 75932, 73722
78543, 99062, 85354, 88393, 86878, 62068, 88824, 81900, 75932, 73750
78544, 99073, 87234, 89147, 86878, 62146, 89490, 81912, 75966, 73752
78996, 99087, 87254, 89149, 86903, 62146, 89675, 82014, 77173, 73812
78996, 99087, 87308, 89154, 87140, 62146, 89675, 82014, 77213, 73980
79301, 99087, 87329, 89161, 87251, 62148, 89710, 82018, 77213, 74088
79301, 99282, 87486, 89297, 87307, 62164, 89871, 82018, 77234, 74088
79301, 99282, 87509, 89297, 87307, 64037, 89924, 82154, 77234, 74088
79301, 99444, 87772, 89297, 87779, 64062, 89924, 82158, 77259, 74088
79335, 99468, 87836, 89437, 87803, 64062, 89936, 82163, 77275, 74089
79964, 100074, 87997, 89437, 87805, 64062, 89936, 83580, 77281, 74117
79972, 100075, 87999, 89437, 87807, 64065, 89936, 83637, 78050, 74129
80076, 100192, 88004, 89466, 87842, 64065, 89939, 83675, 78050, 74207
80269, 100192, 88012, 89504, 87842, 64065, 90100, 83876, 78056, 74207
80301, 100192, 88076, 89520, 87916, 64065, 90111, 83876, 78056, 74441
80393, 100202, 88076, 89520, 87919, 64065, 90241, 84117, 78056, 74441
80393, 100279, 88172, 89520, 87925, 64065, 90241, 84570, 78108, 74450
80511, 100303, 88286, 89552, 87925, 64383, 90279, 84574, 78138, 74450
80915, 100303, 88323, 89552, 87925, 64391, 90285, 84601, 78138, 74451
80932, 100305, 90239, 89552, 87979, 64391, 90285, 84601, 78425, 74451
80932, 100465, 91410, 89552, 88000, 65749, 90306, 84934, 78425, 74451
80932, 100479, 91410, 89572, 88011, 69776, 90436, 84958, 78429, 74634
80932, 100479, 91416, 89576, 88592, 69776, 90438, 84993, 78437, 74634
80932, 100479, 91686, 89582, 88629, 69776, 90438, 85005, 78497, 74634
81131, 100480, 91740, 89596, 88654, 70240, 90438, 85023, 79243, 74675
81131, 105781, 91749, 89599, 89293, 70430, 90459, 85041, 79356, 74675
81138, 105811, 91751, 89599, 89369, 70435, 90463, 85085, 79356, 74675
81147, 105811, 91755, 89607, 89369, 70435, 90463, 85086, 79356, 74679
81148, 105830, 91808, 89650, 89400, 70443, 90463, 85086, 82184, 74707
81148, 105849, 91808, 89650, 89525, 70511, 90464, 85086, 82192, 74707
81419, 105893, 91808, 89655, 89525, 70511, 90464, 85086, 82193, 74712
81419, 105903, 91808, 89821, 89525, 70511, 90607, 85086, 83514, 74712
81419, 105946, 91839, 89821, 89628, 78856, 90607, 85099, 83514, 74810
81421, 105946, 92372, 89821, 89705, 78890, 90649, 85099, 83515, 74810
81421, 105947, 92498, 89895, 89705, 78957, 90682, 85099, 83515, 74810
81775, 105947, 92498, 89895, 89705, 78957, 90685, 85099, 83563, 74812
81775, 106043, 92506, 90273, 89713, 78976, 90700, 85103, 83563, 75021
81775, 106043, 92506, 90273, 89737, 79104, 90700, 85125, 83563, 75027
81777, 106043, 92835, 91901, 89737, 79356, 90700, 85125, 83579, 75027
81777, 106043, 93497, 91901, 89737, 79356, 90700, 85178, 83579, 75033
81813, 106078, 93497, 91902, 89833, 79359, 90701, 85259, 83603, 75033
81813, 106117, 93507, 91902, 90030, 79439, 90702, 85259, 83603, 75036
83124, 106117, 93509, 91902, 90045, 79439, 90702, 85301, 83607, 75036
83124, 106504, 93547, 91906, 90168, 79530, 90711, 85316, 102540, 75053
83148, 106504, 93547, 91906, 90168, 79590, 90711, 85374, 102540, 75053
83184, 106504, 93556, 91994, 90168, 79605, 90711, 85374, 102545, 75210
83184, 107026, 93557, 92008, 90185, 79605, 90711, 85468, 102561, 76351
83192, 107027, 93558, 92028, 90193, 80067, 90711, 85523, 102570, 76351
83295, 107030, 93600, 92028, 90217, 80230, 90749, 85549, 102581, 76493
83352, 107049, 94221, 92028, 90217, 80230, 90754, 85606, 102614, 76693
83418, 107162, 94221, 92104, 90217, 80241, 90754, 85633, 102665, 77173
83419, 107166, 94242, 92104, 90217, 80681, 90754, 85648, 102682, 77195
83427, 107240, 94246, 92109, 90217, 80707, 90767, 85648, 103404, 77195
83427, 107284, 94253, 92109, 90217, 80707, 90773, 85653, 104219, 77227
83512, 107972, 94253, 92255, 90217, 80707, 91075, 85655, 104219, 77228
83725, 108205, 94262, 92370, 90217, 80831, 91075, 85737, 104219, 77348
83737, 108219, 94262, 92370, 90217, 80831, 91075, 86835, 104237, 77360
83738, 108219, 94262, 92519, 90246, 80835, 91654, 86835, 104306, 77360
83738, 108219, 94262, 93979, 90268, 81210, 91659, 86835, 104308, 77562
83740, 108575, 94262, 93979, 90270, 81230, 91659, 86843, 104552, 77737
83740, 108575, 94262, 94056, 91814, 81247, 91659, 86847, 104589, 77750
83740, 108990, 94283, 94075, 91814, 81247, 91661, 86847, 104634, 77750
83775, 108990, 94283, 94075, 92817, 81247, 91677, 86929, 104634, 83665
83775, 108990, 94685, 94075, 92832, 81247, 91677, 86929, 104666, 84121
83775, 108990, 94712, 94080, 93123, 81247, 91679, 86972, 104668, 84121
83775, 108990, 94744, 94080, 93124, 81247, 91798, 86995, 104681, 85429
83945, 108990, 94914, 94095, 93134, 81256, 91847, 88668, 104892, 87194
83945, 108990, 94980, 94463, 93193, 81318, 91847, 88670, 104904, 87220
83945, 108990, 94980, 94463, 93193, 81341, 91847, 88670, 104904, 87242
84324, 108990, 94994, 94469, 93303, 81352, 91884, 88670, 104922, 87291
84615, 109018, 94994, 94469, 93324, 81360, 91884, 88670, 105244, 87362
84615, 109018, 94994, 94994, 93671, 81372, 91896, 88670, 105463, 87391
84615, 109049, 94999, 94994, 93672, 81377, 91896, 88670, 105578, 87391
86820, 109070, 95024, 95419, 94455, 81377, 91896, 88670, 105770, 87422
86920, 109073, 95024, 95578, 94455, 81509, 91941, 88678, 105770, 87422
86929, 109073, 95048, 95578, 94455, 81509, 91961, 89193, 105845, 87422
86940, 109432, 95048, 95625, 94455, 81552, 91963, 89197, 105845, 87484
86940, 109473, 95115, 95643, 94567, 81579, 92014, 89250, 105896, 87537
87015, 109473, 95158, 95643, 94588, 83250, 92014, 89250, 105902, 87626
87015, 109473, 95168, 95862, 94660, 83664, 92364, 89304, 105902, 87661
87071, 109479, 96932, 95862, 94660, 83674, 92364, 89304, 105902, 89140
87110, 109813, 96936, 95878, 99479, 83713, 92364, 89309, 106246, 89140
87110, 109849, 96953, 95878, 99573, 83728, 92390, 89573, 106246, 89140
87182, 109852, 96953, 95878, 99712, 83744, 92410, 90136, 106246, 89140
87302, 109888, 97166, 96138, 99721, 83746, 93492, 90145, 106267, 89142
87303, 109890, 97504, 96138, 99722, 83746, 93517, 90238, 106403, 89146
87330, 109999, 97504, 96138, 99731, 83746, 93523, 90368, 106440, 89167
87376, 110086, 97519, 96138, 100846, 83746, 93565, 90368, 106440, 89167
87385, 110086, 97633, 97364, 100882, 83746, 93571, 90368, 106445, 89168
87458, 110303, 97633, 98832, 100882, 83747, 93602, 90374, 106470, 89264
87474, 110303, 97633, 98847, 100920, 83747, 93602, 90418, 106480, 89276
87474, 110349, 97644, 98860, 100950, 83777, 93602, 90443, 106579, 89276
87474, 110360, 97644, 98860, 100950, 84275, 93627, 90443, 106579, 89276
87502, 110360, 97658, 98957, 100950, 84275, 93627, 90443, 106579, 89276
87502, 110434, 97856, 98997, 100952, 84275, 93920, 90443, 106825, 89887
87502, 110441, 97886, 99402, 101256, 84487, 93921, 90443, 106943, 90572
87503, 110534, 97886, 99840, 101305, 84639, 93921, 90443, 107072, 90572
87543, 110541, 97886, 99840, 101330, 84657, 93921, 90486, 107105, 90573
87566, 110541, 97891, 99840, 101543, 85560, 93926, 90486, 107105, 90573
87582, 110541, 97895, 100319, 101586, 85560, 93926, 90486, 107112, 90573
87662, 110582, 98265, 100382, 101604, 85560, 94004, 90486, 107294, 90573
87666, 110628, 98469, 100388, 101610, 85560, 94014, 90486, 107300, 90855
87666, 110675, 98469, 100388, 101742, 87156, 94194, 90488, 107932, 90855
87666, 110694, 98652, 100388, 101742, 87171, 94194, 90560, 107936, 91011
87669, 110694, 98799, 100393, 101747, 87171, 94194, 90560, 108027, 91395
87673, 110694, 98810, 100496, 101870, 87178, 94214, 90911, 108039, 91395
87898, 110697, 98943, 100527, 101872, 87181, 94214, 90938, 108044, 92223
88279, 110703, 99238, 100621, 101873, 87304, 94214, 91305, 108044, 92292
88279, 110703, 99238, 100661, 101898, 87304, 99068, 93476, 108044, 92432
88317, 110762, 99244, 100661, 101900, 87304, 99251, 93476, 108474, 92509
88326, 110762, 99244, 100681, 103777, 87332, 99367, 93664, 108492, 92515
88681, 110762, 99382, 100681, 103939, 87369, 99367, 93664, 108492, 92518
88689, 110769, 99390, 100687, 103947, 87468, 99421, 94125, 108513, 92640
88912, 110894, 99410, 100687, 105341, 87468, 99433, 94144, 108513, 92640
88912, 110894, 99410, 101044, 105359, 87468, 99444, 94163, 108518, 92688
88912, 110894, 99410, 101161, 105365, 87506, 99444, 94163, 108518, 92688
88941, 110894, 99417, 101161, 105365, 87547, 99681, 94164, 108566, 92688
88986, 110930, 99493, 101247, 105365, 87547, 99820, 94164, 108677, 92703
88986, 110930, 99493, 101247, 105365, 87547, 99820, 94345, 108706, 92742
89002, 110932, 99813, 101247, 105493, 88107, 99822, 94345, 108706, 93564
89046, 110950, 101182, 101247, 105500, 88110, 99822, 94356, 108714, 93564
89233, 110950, 101371, 101267, 105500, 88110, 100144, 94376, 108754, 93567
89233, 110950, 101371, 101775, 105505, 88138, 100144, 94411, 108761, 93739
89233, 110950, 103235, 101775, 105582, 88141, 100144, 94590, 108761, 94598
89239, 111046, 103240, 101775, 105852, 88340, 100175, 94590, 108761, 94694
89342, 111480, 103271, 101827, 105852, 88673, 100195, 94623, 108762, 94694
89342, 111485, 103271, 103160, 105858, 88673, 100201, 94636, 108762, 94702
89344, 111488, 103271, 103265, 105858, 88681, 100830, 94804, 108769, 94702
89348, 111544, 103272, 103305, 105898, 88681, 100830, 94804, 108775, 94702
91173, 111555, 103885, 103305, 105898, 88681, 100830, 94804, 108820, 94920
91173, 111555, 103885, 103305, 105900, 88681, 100830, 94804, 108826, 94923
91173, 111561, 103885, 103305, 105941, 88710, 100838, 94861, 108826, 94947
91173, 111587, 104015, 103410, 105966, 88713, 100881, 94872, 108828, 94977
91175, 111587, 104019, 103429, 105966, 91299, 100881, 95071, 108829, 95856
91175, 111652, 104244, 103514, 105974, 91317, 101722, 95079, 108894, 95868
91175, 111997, 104245, 103514, 105982, 91317, 101863, 95079, 108909, 95868
91505, 112033, 105878, 103551, 105998, 91317, 101885, 95079, 108929, 95868
91505, 112033, 105878, 103565, 106429, 91317, 101885, 95907, 108929, 95868
91514, 112046, 106036, 103578, 106436, 91335, 102500, 95907, 108930, 95877
91514, 112053, 106036, 103611, 106904, 91375, 103212, 96636, 110234, 95877
91514, 112190, 107510, 103611, 106929, 91375, 103796, 96636, 110234, 95978
91514, 113555, 107901, 103611, 108124, 91375, 103828, 96650, 110234, 95978
96893, 113555, 107901, 103669, 108148, 91381, 103829, 96666, 110236, 95978
96905, 113948, 108132, 103748, 108264, 91381, 103909, 96786, 110237, 95983
96947, 113950, 108132, 103773, 108264, 91381, 103981, 96786, 110255, 96132
96947, 113950, 108139, 103930, 108271, 91402, 103997, 96786, 110550, 96147
102699, 113964, 108141, 103931, 108299, 91429, 104006, 96794, 110550, 96149
102738, 114044, 108141, 103937, 108299, 91429, 104425, 96808, 110550, 96149
102738, 114092, 108150, 103966, 108299, 91441, 104425, 96870, 110550, 96212
102738, 114096, 108150, 103968, 108387, 91441, 104570, 96873, 110669, 96212
103257, 114096, 108159, 104656, 108408, 91828, 104574, 96961, 110720, 96212
103296, 114196, 108219, 104688, 108411, 91837, 104651, 96963, 111775, 96212
103306, 114452, 109016, 104696, 108427, 91848, 104791, 96963, 111818, 96214
103306, 115849, 109016, 104719, 108437, 91848, 104798, 96964, 111950, 96285
103306, 115883, 109061, 104719, 108454, 92036, 104807, 97003, 111950, 96285
119973, 115921, 109061, 104724, 108682, 92036, 104808, 97023, 111953, 96408
120019, 115923, 109516, 104730, 108699, 92044, 104808, 97023, 111966, 96414
120019, 116065, 109523, 104730, 108700, 92044, 104835, 97116, 112006, 96421
120044, 116087, 109590, 104730, 108700, 92104, 104835, 97116, 112030, 96486
120065, 116087, 109653, 104730, 108814, 92168, 104845, 97116, 112030, 96549
120163, 116110, 109658, 104746, 108814, 92215, 104845, 97116, 112030, 97288
120597, 116110, 109685, 104765, 108814, 92249, 104845, 97118, 112100, 97288
120627, 116111, 109687, 104765, 108814, 92655, 104894, 97118, 112468, 97288
120741, 116143, 109700, 104812, 108824, 92655, 105439, 97953, 112603, 97446
120883, 116150, 109700, 104820, 108828, 92671, 105439, 97953, 112627, 97456
120885, 116150, 109700, 104826, 108828, 92764, 105439, 97953, 112719, 97460
121272, 116207, 109700, 104826, 108841, 92764, 105449, 98005, 112846, 97482
121272, 116400, 109700, 104839, 108898, 92764, 105449, 98005, 112846, 97482
121285, 116509, 109789, 104840, 108903, 92764, 105479, 98703, 112854, 97531
121300, 116509, 109789, 104961, 108911, 92764, 105524, 98703, 112854, 97721
121328, 116509, 109806, 104961, 108912, 92764, 105573, 98703, 112868, 97721
121330, 116509, 109852, 104961, 108957, 92764, 105573, 98703, 113524, 97754
121410, 116509, 109935, 104961, 108958, 92764, 105573, 98703, 113524, 98068
121410, 116591, 109973, 105048, 108962, 92796, 105575, 98724, 113542, 98068
121445, 116591, 109973, 105048, 108962, 92796, 105627, 98724, 113542, 98068
121447, 116629, 110375, 105048, 109223, 92808, 105652, 98956, 113750, 98080
121450, 116633, 110467, 105048, 109224, 92808, 105799, 99074, 113750, 98080
121457, 116641, 110474, 105048, 109224, 92808, 105799, 100926, 113857, 98080
121457, 116665, 110474, 105052, 109224, 92808, 105799, 100949, 113879, 98080
121457, 116675, 110474, 105161, 109224, 92860, 105799, 100949, 113973, 98080
121457, 116675, 110554, 105165, 109292, 92876, 105803, 100976, 113978, 98109
121457, 116675, 110570, 105165, 114938, 92879, 105806, 101312, 113978, 98172
