0.01141755789958834, 0.008506078969761906, 0.005883988014331707, 0.0121570859419465, 0.009838084410118514, 0.010283463346454904, 0.012371657994316228, 0.014000593315314128, 0.009418170931706021, 0.002387174654270527
3.6625388604024755E-4, 0.0011250335220744222, 8.656546700466385E-4, 0.0013950580627641845, 0.001209602106130726, 7.801118552623504E-4, 6.914840268570004E-4, 4.518845041515067E-4, 0.002347188525807699, 6.950214632429434E-4
0.010087016753972033, 0.0015337509480603387, 0.002890644084357951, 7.6446943355281E-4, 8.768815244997513E-4, 0.0010945383885692355, 4.50046685340803E-4, 0.0013668869376301258, 4.6009357396067593E-4, 5.378178568527094E-4
5.738073807380738E-4, 0.006935882768530025, 1.021251470730847E-4, 2.931502006785565E-4, 0.00363249042991755, 3.958814663328054E-4, 2.537250360459281E-4, 2.8022429152293496E-5, 2.53662641061176E-4, 6.712753690661152E-4
0.002701924903032471, 0.0013523172922744046, 7.244471950439532E-4, 2.5070704077877383E-4, 2.793353182038058E-4, 5.270536012008702E-4, 4.5584188185829756E-5, 4.8609895863714516E-4, 4.579694989363824E-4, 9.315398086883387E-6
4.824299029351035E-4, 2.688438127429523E-4, 3.7384342191345524E-4, 0.009472527226257818, 9.09822777551088E-5, 0.0017360944193629468, 4.556416857001065E-4, 2.712268948588942E-4, 3.361919298268322E-4, 0.001006706363221444
9.329718067582146E-5, 0.001693115668916152, 5.025955964363907E-4, 0.002475970497147702, 0.001234026810600948, 1.977400821331457E-4, 5.510779235776193E-4, 5.39464305445123E-4, 1.5612461242064967E-5, 1.5514351436201416E-4
2.4659193166692275E-4, 2.6491082070341976E-4, 7.995155031801088E-4, 1.323159705376439E-4, 0.0013801420219396547, 0.0020850006528085217, 0.0010307002836867426, 8.434560004589261E-4, 0.005028946925190487, 3.6993594791656284E-4
7.58227587717067E-4, 3.691451959157489E-4, 6.8125459846853966E-6, 0.005858231528824012, 4.345188318822044E-4, 8.342295086551312E-4, 1.7718696249686682E-4, 6.145242813906685E-5, 6.727846467049743E-4, 3.2597687448120583E-4
4.6735580322569784E-4, 0.0012471862261969947, 6.803517146223912E-5, 9.613020757821216E-5, 2.0023978714510628E-5, 5.187186496645176E-5, 0.0010613439918630294, 1.9005376005992283E-4, 0.0017865744583174087, 6.758335090954036E-5
9.528336854978713E-5, 8.00152349007251E-6, 5.356066861567989E-4, 0.0010136286023002055, 0.002153370658424746, 3.873135015185757E-4, 0.0012874126435307343, 6.008997255349903E-4, 2.636755154553252E-4, 2.760415276874253E-6
8.997213966158065E-5, 1.283165910733552E-4, 4.904916746251345E-5, 4.2733779916487286E-4, 0.002151939928212629, 5.9437483654692E-6, 0.0, 9.955056353342711E-5, 2.0803961074188525E-5, 9.000900090009E-5
8.551997260922529E-4, 7.448702424338148E-4, 0.0028779157830960316, 0.0035763032383263334, 1.7808276756106249E-4, 0.0062726090133114745, 8.72900089310611E-4, 9.275083518691869E-5, 4.133957633461558E-5, 0.002037599477144285
8.123476848090983E-6, 0.0, 8.057693082470488E-5, 2.4425724087020714E-5, 2.899493755921369E-4, 4.8500894413552864E-5, 0.0010760878764796207, 6.189466841400963E-4, 0.001454586142269714, 2.1686939340707816E-5
1.4163116699841152E-4, 5.537090895499868E-6, 1.9378423958016906E-4, 0.008287222969071991, 4.5725463409984943E-4, 0.0060424494769980705, 9.126223797942539E-4, 4.6717209854914873E-4, 4.7104340687860574E-5, 0.00301585315409304
1.116954437566901E-5, 5.901170733261772E-6, 6.217346879759403E-4, 0.0013460623849026745, 6.16046154177871E-6, 4.6805394184016784E-5, 2.2888022879920925E-4, 8.41214714047084E-5, 7.593236178849917E-4, 0.00726109474966995
1.9072419247376907E-4, 4.428928720300125E-5, 1.6570057314644677E-4, 8.556348534006137E-5, 8.972550184401376E-5, 0.001051540636852821, 2.8224548566383926E-4, 1.2243955567268293E-4, 2.1242077368956297E-4, 5.063245898026228E-5
4.028197381671702E-4, 6.51548361623964E-4, 4.141166228016164E-4, 5.7207419802348364E-5, 3.3667843515785806E-5, 3.7623017365992755E-4, 1.7244756904110875E-4, 9.537434430138292E-4, 1.2003793198650774E-5, 1.814265194867135E-4
3.297960346348062E-4, 3.994668256254864E-4, 1.191439618739322E-4, 3.6009983075307954E-5, 7.819973987165568E-4, 7.413543141670445E-4, 8.594660136468463E-4, 3.0844222904589453E-4, 4.509190036739651E-4, 3.1114501365023283E-4
0.0013726913030602033, 9.755753299831661E-5, 5.961879354206398E-4, 2.5180486382078208E-5, 2.7563395810363838E-5, 2.9080651551998023E-5, 7.663625779258103E-5, 7.380073800738008E-5, 5.988833722929505E-4, 0.004169541282747112
5.97402114385071E-4, 6.449138839445491E-4, 4.522175618690152E-5, 5.4486553590358755E-5, 5.3319212454322556E-5, 5.662311913242928E-6, 3.3259637261076906E-4, 3.668292416285852E-4, 9.485314591167642E-4, 4.913190072899458E-5
1.1461805022406133E-4, 2.1069196008238883E-4, 1.4447448309738844E-4, 2.9467248667777425E-4, 4.0063616166276147E-4, 1.26885661920203E-4, 3.5236707766288835E-4, 0.0019385465413263075, 5.628404682296657E-5, 0.005651115786000083
6.416868349679535E-5, 8.42355117602432E-5, 1.2948559688543977E-4, 2.9362108199368713E-6, 7.266761414055873E-5, 1.278302269530487E-4, 6.189672487864755E-5, 2.0840805327491444E-4, 1.6692924683179327E-4, 0.0
1.7710416812222461E-4, 1.0518965470936322E-4, 1.4470732942623544E-5, 3.6879502372581317E-5, 0.001290659673646471, 2.2339844328886745E-4, 2.8264316582957183E-6, 0.0, 1.2037707625789112E-4, 7.344921988025551E-4
4.3857484256551373E-4, 6.289396674167038E-4, 2.80221642529041E-4, 7.6029533946795E-4, 2.547984926121177E-5, 2.150266786672032E-5, 0.001362654130496534, 4.435903850896851E-6, 5.247966413014957E-5, 3.6009983075307954E-5
1.9913269414504246E-5, 1.9552779060928902E-5, 6.78458371732763E-4, 1.0391855254831955E-4, 1.2037707625789112E-4, 9.115319205456691E-5, 1.1628759036182963E-4, 6.082396193771626E-5, 0.006924198250728863, 5.604485830458699E-6
1.1395578515535972E-4, 2.5051075099193564E-4, 0.0, 1.643049804353607E-4, 1.9373080205589893E-5, 8.082881541844915E-5, 0.009178685800967952, 2.464184616711484E-5, 5.757035171746565E-5, 4.7911870035132464E-6
4.478029666946544E-5, 1.491747921723918E-4, 0.0015351536557885659, 9.887378267272913E-6, 1.507949274592226E-5, 3.4499764808872065E-4, 1.8126778690158973E-5, 1.7816330337034863E-4, 8.534504646682175E-5, 0.006336305746362562
5.8254332282711344E-5, 0.0, 2.9562062676499884E-5, 6.700376826347975E-4, 0.001003017753087986, 2.6831721717367202E-5, 1.464832614366587E-4, 5.773311401059639E-4, 9.165470790953942E-5, 1.9662831595220947E-5
0.0011911986789550195, 7.723178633886963E-4, 0.0018853390744871387, 2.6560065045057253E-4, 2.8614733905329943E-4, 0.003031114287346498, 9.630196654079618E-5, 6.682388842638096E-5, 1.8080691042848913E-4, 3.901931456070755E-5
5.0713025133375253E-5, 1.619637695283011E-4, 2.213742681541464E-5, 9.528394615955548E-5, 1.113816447504717E-5, 6.001896599325387E-6, 7.572110368671426E-5, 0.003664745130188338, 1.699668564629897E-4, 4.295243381958158E-4
0.0011661041274662373, 1.2039408677967402E-4, 0.0, 7.088816059967981E-5, 1.627361369153365E-4, 1.095692285778462E-5, 6.453164172032516E-5, 2.8731807395916047E-4, 3.3637769278823185E-4, 4.542143377469255E-5
2.8496678101524164E-5, 1.0619615318821255E-4, 4.396835054672704E-5, 9.332563396853093E-5, 0.015593762495002, 2.1423083742095621E-4, 3.686436616637626E-6, 1.0870679293219492E-4, 8.459650642413743E-4, 7.787623668846279E-4
1.124242073468803E-5, 8.820023947981253E-5, 6.2626034895226645E-6, 6.040237647109988E-6, 8.044516053406393E-5, 3.104716612425441E-5, 7.217798086007842E-4, 1.9475985528470693E-4, 1.1253174276418635E-4, 7.855089312365482E-6
2.9264119937870023E-5, 5.65421220759307E-4, 4.546231757239271E-4, 4.717327350381572E-4, 3.3473114580330823E-4, 1.8263219962221226E-5, 1.598701362585469E-4, 1.5562042449350207E-4, 3.4596378885893447E-4, 9.74939188168138E-6
0.0042079272480677445, 6.19475754563706E-5, 1.990400299356205E-5, 9.33322833451457E-5, 3.6691861745064946E-5, 9.250413101648783E-5, 0.004049974199661427, 0.0, 4.1658901301292524E-4, 8.866605943850202E-5
1.5840356459118253E-4, 0.0, 5.825333209059558E-4, 2.765617253394902E-4, 1.382847839692295E-4, 6.960996998356899E-5, 5.289675440628321E-4, 8.972945123204326E-5, 0.0011830150398086012, 1.5106652969967973E-4
1.042667441219623E-4, 7.010991322304832E-5, 0.001594179532397091, 0.0017473471866027157, 2.1210694551131154E-4, 7.713149377058009E-5, 1.615733144603565E-4, 3.210312709275762E-4, 1.799717187299139E-5, 5.5482093154434404E-5
0.001785997035182583, 2.3114278065840214E-4, 1.017195693193435E-4, 7.253125371722675E-5, 2.8805765342998103E-5, 0.0027161792616791094, 1.2373328054046696E-5, 3.109899472203943E-4, 3.466305171633632E-5, 1.734566716862508E-4
1.2143231848297033E-6, 6.285335851555697E-5, 4.1788549937317175E-5, 7.191802495843138E-5, 7.443818788436443E-5, 2.745681330281335E-4, 1.6606897774980013E-4, 1.8683194422759465E-4, 1.323159705376439E-4, 5.834501299839884E-4
3.1288458730522933E-4, 1.164348435848326E-4, 3.154695283867711E-5, 1.0327666743406969E-4, 9.756584560091486E-5, 2.6183631041218273E-6, 2.2045692012419692E-4, 1.0985776528577529E-4, 6.702170763477347E-5, 1.970359068139364E-4
5.405594079422695E-5, 0.0017833134410961508, 1.0467477547260662E-5, 2.0474060674913278E-4, 0.0, 2.3141035862771713E-4, 1.0182870305345656E-4, 2.3925340973492217E-5, 0.0020055742522467426, 1.781180630325265E-4
1.1498283881130741E-5, 0.0010293612596973076, 8.83242902458004E-5, 3.1728428823313446E-5, 1.5976050671117022E-5, 2.1740204555561046E-5, 5.21616466751486E-5, 1.2124678826539936E-4, 0.0, 8.257046787926776E-5
8.765077437537949E-4, 1.8430954419328175E-5, 1.6433003557440954E-4, 0.0, 2.5899140459326436E-4, 2.024689808966239E-4, 5.499282474572365E-5, 3.6889391325043135E-4, 0.0, 0.0
0.0, 2.296597306734655E-4, 3.689147511792975E-6, 1.6594391178753538E-6, 1.956195558104641E-4, 2.0267759624370856E-5, 1.3759274878440305E-4, 0.0025948876256446938, 3.5757645203013806E-4, 1.740613740404867E-5
0.0010817390242599532, 3.3353920202740765E-4, 6.168516616895204E-5, 7.579333225385253E-5, 3.639020868610804E-4, 9.394522993095025E-5, 8.156935409155908E-5, 2.8831737977165263E-5, 0.0, 2.6298570417562422E-5
2.0549741858978002E-5, 6.373226782423349E-5, 1.0749960751242627E-4, 4.489718121942438E-5, 7.527011707924574E-5, 7.643954778363531E-6, 0.0014139395301650559, 1.327551294300283E-5, 6.9184841140073934E-6, 2.8984793128285246E-6
4.1600693450342534E-4, 0.0, 9.337212211624695E-4, 5.606603332814203E-5, 0.005561172901921132, 0.0010456031419728983, 1.9789222789268963E-5, 3.756408638565991E-4, 3.619627289762302E-5, 2.8812071587947174E-5
0.0, 1.0453498916756175E-5, 2.72572402044293E-5, 0.0, 0.0, 1.3118180555860064E-4, 8.35675253276013E-5, 0.0016676401963410345, 4.170355827591074E-5, 0.004186289900575615
3.624403106113462E-5, 1.149962077586449E-4, 0.015593762495002, 0.002449741953810612, 2.7803515786900923E-5, 9.720467137877884E-5, 0.0014130558105473786, 0.0, 6.143499849133342E-5, 4.5310230471612016E-4
7.425515775303893E-5, 4.528230429296828E-6, 3.185679897605839E-4, 5.194517157957096E-5, 3.7030489232489357E-4, 1.3129832599010973E-6, 2.36385756339866E-5, 1.4088159031979257E-4, 0.0, 0.001965239261045738
2.4796485144150233E-5, 1.1411975156130085E-5, 1.949792834511333E-5, 1.7311470869122394E-5, 5.808412732901216E-5, 3.277729754395211E-4, 0.004134027699289695, 7.90810034249606E-5, 1.8446552002426432E-4, 1.0191939704484708E-5
4.2735511018091365E-5, 6.996496607213594E-5, 2.2936191359609055E-4, 9.986536009487209E-4, 4.207078692465059E-5, 1.4372903221283114E-4, 4.376610866336991E-6, 3.722822077960609E-4, 1.2802401748165758E-4, 4.17649302664881E-5
6.916973819936952E-4, 0.015193922431027589, 3.840731275234805E-5, 2.106219801513431E-4, 1.8956662295845993E-5, 3.237283969864294E-5, 1.1373309010097874E-4, 9.555674673591854E-4, 7.250711476063589E-6, 5.1867040570399135E-6
1.902713234477579E-5, 0.003279210477012496, 0.0017255181001512051, 3.173154028976336E-5, 7.663707549334558E-5, 5.441685584204718E-4, 7.728305509918143E-4, 7.821958031561286E-4, 0.0, 2.329176271283819E-6
2.634850315306601E-4, 7.98660380322073E-5, 1.7869268432150386E-5, 6.035187931109723E-5, 1.3967026643500025E-5, 0.0037862651168047573, 3.0013517626592592E-5, 3.825615387558166E-5, 9.748853291131631E-5, 7.437245804867696E-5
7.679449537057183E-6, 0.002503331701991492, 3.796164184100962E-4, 0.0019118908992316098, 8.009586859348574E-5, 1.0891955229268807E-4, 6.011570895172543E-4, 3.147560797759776E-6, 1.5811057858589852E-5, 6.025259290891329E-4
4.531995890990392E-5, 3.1093850569172933E-6, 1.0493674937431463E-5, 0.0, 3.1827541810708094E-5, 6.075698274255378E-5, 1.7664671969961298E-4, 2.2931864335090592E-5, 3.5932347681396166E-5, 7.097051744516651E-5
0.0, 8.354203473725754E-4, 3.422010944731672E-4, 5.676577024054495E-6, 9.123771256106084E-7, 1.1664050623524614E-4, 5.221870040815495E-5, 3.309998578907277E-5, 4.51567163842114E-6, 4.9237710715021086E-5
4.6640489873347095E-5, 6.044041723228824E-6, 3.766563068744484E-5, 3.619627289762302E-5, 1.2130936921885037E-4, 2.765943810863413E-4, 0.0022511797047491235, 5.734794995013944E-6, 3.0001560081124218E-6, 1.6928903866631815E-4
2.748591346934696E-5, 2.2432629152050975E-4, 7.19910053370705E-4, 2.6982765411402306E-5, 0.0, 5.170474865029062E-6, 5.037192799928197E-6, 3.826642176156739E-5, 8.461658412520354E-6, 1.4877082066099614E-4
1.532575438289208E-4, 1.4498444437732201E-4, 9.679297793236956E-4, 7.404188953555878E-6, 6.26784937999777E-6, 0.0, 0.0014780595852605487, 2.3789426972177807E-5, 1.1034908934414018E-5, 0.0
3.088988301819596E-5, 1.3146018710936E-5, 0.0, 3.771933304415178E-5, 5.993008717639226E-4, 0.0, 4.1577993310462425E-5, 8.004119134742775E-5, 3.0995161655265612E-6, 2.7261338693594054E-5
1.4478572879764794E-4, 1.4623446258834999E-5, 4.791585975027851E-6, 3.214144471601636E-5, 5.255319452164123E-5, 1.2405037774447617E-4, 5.563257174001045E-4, 1.8718271298683513E-5, 5.987249879234448E-5, 1.878099660244344E-4
2.760380987783934E-6, 5.767892426549636E-4, 1.3891182244448114E-4, 3.753568178530689E-5, 8.442824529154836E-4, 2.3739026095663957E-5, 3.237139922135994E-5, 3.3628681855955584E-4, 5.090101615698237E-5, 4.7514332252877215E-5
0.0015594277057682706, 3.03993023110945E-4, 6.616458296175687E-5, 9.084256937306363E-7, 3.9474836030780464E-4, 6.842737916295068E-5, 0.0, 5.535148191012932E-5, 1.5742130788201503E-5, 6.928833859720058E-5
2.299888969375323E-4, 0.0017448630960973967, 0.0, 5.519444416364243E-4, 0.0, 1.663157865558634E-5, 5.639714527904624E-5, 2.676928224861971E-6, 8.340591029947791E-4, 6.113511230334873E-5
0.0012941600677547301, 4.277816958984159E-4, 9.428612484480187E-5, 2.978379940015428E-5, 9.956634707252123E-6, 3.843711708880248E-4, 0.0, 1.4470732942623544E-5, 1.0157617197136132E-4, 0.0
0.0, 2.0408966281533906E-4, 8.847477777624176E-4, 0.0, 9.77714877045094E-5, 1.4615556067100018E-5, 5.123879855479762E-5, 4.1489695603035215E-4, 5.364081901278199E-6, 2.3782888256772627E-5
1.7493571112616112E-5, 0.0, 7.316481918152367E-5, 2.2345219453109622E-4, 2.5426077493598984E-6, 8.214189942557126E-4, 1.0976888758470408E-4, 0.005416195077893974, 4.6457764401695796E-5, 1.1859917432384352E-5
7.644493645795155E-4, 0.0, 0.0020326262573617552, 7.671421412062143E-4, 0.0, 6.961496595195302E-5, 9.361639185574838E-5, 1.7896180129182887E-5, 1.9466820150321835E-4, 0.0014240640811491036
2.8438641708983025E-4, 0.0, 1.570267528499967E-4, 1.7514770790032927E-4, 4.3606914810777134E-5, 4.6746592952483645E-5, 2.882407088861821E-4, 8.249826753638174E-6, 0.0, 3.336125695054043E-4
0.0, 1.9907617892106093E-4, 3.125327880380308E-5, 0.0, 6.354490013004942E-5, 1.19741517976528E-5, 0.0, 5.788646009386377E-5, 2.324790696187634E-5, 3.788531864502137E-4
0.0, 0.0, 4.0077227074083626E-5, 0.0, 3.5682850821894995E-4, 4.139916018846475E-5, 0.0, 1.2448229744887687E-4, 1.5911513798692073E-4, 3.1826588103737476E-4
1.356134474294471E-4, 3.212128999100604E-5, 2.288331264936129E-6, 5.49770160603825E-5, 0.0, 2.1157602984632528E-4, 5.786408598127582E-5, 0.0, 9.996607212097712E-5, 2.5749418228384946E-4
3.5143581964640655E-5, 1.968567446128238E-5, 6.276365153620667E-5, 2.586183428462537E-4, 1.8187655416116865E-4, 9.423891514760577E-5, 6.397204642164637E-5, 1.5598190609889253E-4, 2.2000020283706643E-4, 0.005658200304437766
9.084256937306363E-7, 8.271116159555345E-6, 1.5762915415808265E-4, 8.213809756290656E-4, 4.751227473079284E-5, 1.870289049329514E-4, 0.0015876520917595825, 0.0012362478813688028, 9.644978371395275E-5, 8.972945123204326E-5
9.140648463718155E-6, 9.122615555242084E-5, 1.1498283881130741E-5, 7.695865609975085E-5, 3.599434374598278E-5, 2.4176166892915295E-6, 1.2226169080394586E-5, 1.5527841808558791E-6, 2.8846808446807062E-5, 1.836888017795771E-5
5.301423810966374E-4, 0.0, 9.054690329590728E-4, 3.0307530512106345E-5, 0.004135757797288912, 4.372624385166352E-5, 2.065461355218044E-4, 2.8978399946501416E-5, 3.2069222875268216E-5, 5.410926012350439E-5
0.0, 2.524078658704601E-5, 0.0, 2.5089847207476773E-4, 4.284203618793652E-5, 0.003064962248635718, 8.849913512208858E-4, 2.6126987610582475E-6, 0.0, 1.9945629690916613E-4
0.0018519855554294921, 2.654755951767001E-5, 3.985409055139221E-6, 5.199396869963084E-5, 1.2544596508670282E-4, 1.327126464943444E-5, 2.3639963358056796E-4, 1.584675003407212E-4, 4.0543839920444964E-5, 1.69499824850181E-5
8.018855766559653E-6, 1.1506380009335015E-4, 6.849264572107654E-5, 1.6485671008024205E-5, 5.7021197815421644E-5, 2.815881572066455E-4, 3.3972889278618604E-4, 2.567714773020542E-5, 1.3209249039230188E-4, 1.2329714612215438E-4
9.144288262391586E-5, 6.312009117197441E-4, 1.9269072566182588E-4, 2.0687981051602743E-4, 8.954678192992338E-5, 6.63129973474801E-5, 9.123771256106084E-7, 1.2307629191645172E-4, 0.0, 2.2935147187346145E-4
0.004828942537481227, 0.0, 9.767679499894809E-5, 0.0, 5.489985808386685E-6, 8.77368586250275E-5, 1.1755098000395961E-4, 2.451751895362393E-4, 5.1094036871727855E-5, 1.2767106580069877E-5
2.462020259964719E-6, 2.1336955874286213E-4, 1.4301854950587091E-5, 2.618705940272555E-6, 1.2992476737279748E-4, 2.021834751189291E-5, 4.425851932238437E-5, 4.796654551480095E-5, 0.00524447826074582, 1.6076028967279955E-4
2.1036277059789607E-5, 4.073994730356479E-5, 4.229522064006767E-5, 1.6806484826397859E-4, 6.800390407174995E-5, 1.288128606760099E-5, 9.576529960496536E-5, 1.3783559521545082E-6, 2.4952632531087293E-5, 0.0
5.745968098385118E-5, 2.704986564488221E-4, 7.960638494566222E-5, 3.261672470525033E-5, 8.080387858617214E-4, 4.4612584317784365E-6, 1.348492789609054E-6, 3.059134605757223E-4, 2.3107667342020946E-5, 2.824799782196433E-4
2.0979899642304238E-4, 1.3539307026029963E-5, 6.460855642012416E-4, 0.0, 8.586797597440865E-5, 7.868261588440338E-5, 5.249322134779446E-5, 5.538621306383838E-4, 2.524078658704601E-5, 9.241340480756051E-4
2.0711691373203966E-5, 4.832720741231968E-5, 2.1093047853705958E-4, 1.0905389685924777E-4, 4.764143810859348E-5, 2.009351017296745E-5, 1.4123495847692221E-5, 1.9656198527605127E-4, 0.0, 1.7621752128788677E-4
1.7944005730119165E-5, 4.312562451294998E-7, 3.269760708012185E-5, 9.2438259672443E-5, 1.5471497182512536E-4, 3.6343641369232564E-4, 8.448618021801029E-5, 2.6471191622750224E-5, 6.347211852718865E-5, 8.972002865059582E-6
1.728877439878287E-5, 3.8164577400698704E-4, 3.6774879815095904E-5, 2.3625586444309756E-4, 1.2610708748380519E-5, 4.0981384802769627E-4, 5.424851290054047E-4, 4.154965550447392E-5, 2.89254634573333E-4, 5.795577560351626E-5
3.672025941450959E-4, 1.3796624225443608E-4, 2.218401641617215E-5, 1.6044515596679666E-4, 5.619374364177354E-4, 5.0792106752695155E-5, 9.748964172556665E-6, 4.3746348947392145E-5, 3.334948738815349E-4, 1.5590513631000055E-4
3.1548604298389294E-4, 6.342133721450235E-4, 1.3956833652880302E-4, 3.0995161655265612E-6, 1.3610770841840066E-4, 4.095480744773951E-5, 8.821064702509593E-5, 4.909634186582084E-5, 8.930271196414047E-5, 1.2860653163533992E-5
5.7342943054873614E-5, 0.0, 3.458648022210129E-4, 3.127904582213243E-4, 1.122546114194371E-6, 3.6044956496805166E-4, 2.6595617129495803E-5, 6.545787785559992E-5, 0.001658080180020134, 5.1683731208953764E-5
8.347503841615324E-5, 7.854099818468602E-4, 0.0, 1.7795320008790888E-6, 1.4808277234643076E-6, 1.930269747773137E-5, 1.1903264956081544E-4, 0.0029278103509147806, 2.5745835396575977E-5, 1.627321645547648E-5
4.680291515300096E-4, 2.01915447262048E-4, 5.945582831286544E-5, 3.6532637830416297E-4, 0.0, 2.2364629478302008E-4, 1.661999218860367E-5, 4.9944334768703245E-6, 9.321023209347791E-5, 5.85659452543564E-5
1.5070100344706383E-5, 6.0359266979816295E-5, 0.0, 2.7966614077594482E-5, 2.2155729121723576E-5, 4.760652996003121E-5, 1.5662570227774377E-4, 2.2650421668090305E-4, 2.7078256160303275E-6, 7.187378962541776E-6
1.0090347418423422E-4, 1.9073658517680369E-4, 1.4323396327928788E-5, 5.267024035655781E-4, 8.193329810201515E-6, 5.97973413739617E-5, 2.102698992688162E-5, 2.2306292158892182E-6, 2.3555612660071097E-5, 0.0
0.0, 5.0213126827199894E-5, 7.970013620753278E-7, 6.075607560756076E-5, 7.71233603573588E-6, 0.0, 3.936365834593907E-5, 3.09403050597323E-4, 4.075605885514533E-5, 1.2667153392030637E-5
3.165009025655867E-4, 4.360064073166207E-4, 1.175374672605525E-4, 1.4267168232953614E-4, 4.0820419438683735E-5, 1.8040567449597038E-4, 4.0054474084755265E-5, 7.422843166186596E-5, 8.982939777488164E-4, 5.7720474173695334E-5
1.773038805094124E-4, 1.5966952122351412E-4, 0.0, 5.89587257334834E-5, 5.758430797300205E-5, 5.034708298803254E-5, 6.541283347462505E-5, 5.960434634893576E-6, 1.816892650260429E-6, 4.3434826043521695E-5
4.022687960094935E-5, 6.05854451862309E-4, 2.2034340665101572E-4, 1.3709647936240997E-5, 3.097010425688194E-4, 4.06531727591927E-5, 3.0640184881018594E-5, 2.7263333814985563E-6, 3.6661460739241694E-5, 1.4406108189872507E-4
4.1264547472340145E-6, 0.0, 9.577111979317695E-6, 1.283320500128332E-4, 2.7399544929297263E-5, 2.615565521034065E-4, 7.497244762549764E-5, 2.158873083615997E-4, 0.0, 2.8574477626475596E-5
0.0030191278466152336, 1.1229531626444525E-5, 7.393464793244838E-5, 1.2498125281207818E-5, 1.1661535591006623E-5, 0.0, 3.0995161655265612E-6, 9.940588416563671E-6, 4.8143973189257195E-4, 2.8106849946750694E-4
9.864412283111373E-5, 0.0, 0.0011608735860701293, 3.760510037976451E-6, 0.004001154972569402, 1.052898190009517E-5, 6.37079288764682E-6, 2.133626161670544E-5, 7.009992377941124E-5, 2.793405328700005E-6
3.165262897692674E-5, 8.100164317619014E-5, 7.787227140508683E-5, 6.36105191436336E-4, 1.0197033284003338E-5, 0.0, 3.4112430856889065E-4, 1.1939048402739001E-5, 1.2560511244208917E-5, 0.0023747089021339896
5.3815886994811874E-5, 0.0015654184826114027, 1.505208019748329E-4, 0.0, 1.4304059810042085E-5, 4.930523104017575E-4, 2.2137967427369396E-5, 0.0, 0.0, 2.4313792491638027E-5
3.338775080309653E-4, 2.3924644730527985E-5, 3.277459924858769E-5, 6.98330042848152E-5, 2.7213885128945793E-4, 9.624797879244536E-6, 8.58437521077707E-6, 2.462020259964719E-6, 5.5906226622545114E-5, 3.0995161655265612E-6
2.2540408924953543E-4, 1.4777582604223827E-5, 8.98223470188744E-5, 1.52601288518326E-5, 1.2401171270766997E-4, 4.675860734593845E-4, 0.0, 2.416503350048748E-4, 5.199396869963084E-5, 0.0
1.624950574420028E-5, 4.025562320736678E-5, 3.8113796405737574E-5, 2.8999136240013423E-5, 1.8168513874612726E-6, 3.303474393285808E-4, 0.0, 4.7802213561169306E-5, 4.5416354429229964E-5, 1.2848515996402415E-5
1.7174193701216406E-4, 3.9390923145344036E-5, 3.3826278694361437E-5, 1.6978427302045305E-5, 1.3523172922744046E-4, 2.639657689190866E-6, 9.064457356260367E-6, 2.263844494942216E-4, 1.6005752221105924E-4, 1.1347539191563483E-5
1.4301854950587091E-5, 9.166614254152074E-4, 1.944734954233904E-5, 0.0, 1.417255404085079E-4, 4.536842278379508E-5, 1.8799457680406534E-5, 7.324907945170685E-5, 0.0, 1.1440529350024303E-5
3.309638242150401E-5, 4.899245260060264E-4, 3.5717044218147206E-6, 4.2281852473120515E-4, 9.428482573761833E-4, 4.246279520146954E-4, 1.1234781084673175E-6, 1.482448204520467E-4, 1.260099733795324E-4, 6.663411930806075E-4
0.0, 8.954070542853958E-7, 3.433141626704898E-5, 1.1538723378722825E-5, 8.415441369206107E-5, 9.189039681030055E-7, 2.9001529540667974E-5, 6.128628838025541E-4, 8.063643506038324E-4, 8.133644821805398E-5
5.843793724099472E-6, 2.7813395353684287E-4, 1.1080905383842562E-4, 3.8835554727063723E-4, 1.6171650056700848E-4, 0.0, 3.6345705815434083E-6, 4.19516758645716E-6, 1.2964899694892693E-5, 2.5000738658187627E-4
0.002691174977150401, 9.66143353471438E-4, 3.5273591784891196E-4, 0.0, 1.1615141648525814E-4, 5.5111752856855485E-6, 1.0786354266189799E-5, 2.4773459215840466E-4, 0.0, 5.717716344092169E-6
2.069098849257743E-5, 6.877424578723357E-6, 1.8910860507189278E-5, 2.075556804884586E-4, 0.0, 3.7942950064367506E-5, 2.5746623473368264E-5, 5.6499941616727E-6, 8.120266561283651E-6, 1.5754520335450095E-4
0.0, 2.448488590575448E-4, 6.965021083699238E-5, 2.7065227197546085E-5, 1.2130012003280534E-4, 7.143408843629441E-6, 4.55909037028932E-6, 0.0016162128330467988, 0.0022364003328773805, 3.358522250209908E-5
2.8367793283198446E-5, 1.059055587180132E-5, 2.271170144711391E-5, 9.680227274901237E-4, 8.73916661726183E-4, 2.271170144711391E-5, 0.0, 3.531408681482035E-4, 8.753221732673982E-7, 8.027113806635748E-5
4.322169027959761E-5, 0.0, 3.448261449272939E-5, 8.724195465599406E-6, 1.9763822323237315E-6, 0.0020110760010759255, 4.352854850945813E-5, 7.832619971707352E-4, 0.002327640037853437, 1.0115333189879518E-5
1.8184518307263805E-5, 0.0018176310209027568, 2.0190324327040056E-5, 3.888814473303289E-5, 0.0, 4.2924244839892566E-5, 3.1224922484129934E-6, 1.0737663343171482E-4, 9.767295380484055E-4, 0.0
0.0, 3.746561934732512E-4, 2.750707324740648E-4, 1.0902768719177775E-5, 4.312562451294998E-7, 0.0, 4.364863775303229E-4, 0.0, 8.897660004395444E-7, 0.0024436998832963143
4.777184977684447E-5, 2.231925183120877E-4, 1.5535750938098537E-4, 6.77256183551626E-4, 2.6325791542510397E-4, 0.0, 4.297631128180795E-5, 3.6961376128778956E-4, 2.0902523813602224E-6, 7.467025083870692E-4
1.8212033601201995E-5, 6.198056991408286E-5, 6.33048089311914E-5, 8.458827901900179E-4, 2.6052521884118383E-5, 1.491747921723918E-4, 0.0, 2.9039293067449566E-6, 0.0020045792588081006, 8.651481257183819E-5
0.002269122199356689, 0.0, 0.0, 3.2024228616393204E-6, 7.446080354662535E-6, 1.1755098000395961E-4, 1.9390008146899631E-4, 2.049468831143372E-5, 1.625455198747544E-4, 3.712836607167876E-4
0.0, 1.2436728145559467E-5, 0.0, 3.540415166784533E-6, 7.17728099593934E-5, 6.2123377026775175E-6, 0.0, 6.674659571503542E-6, 1.9431942892238297E-4, 3.54421407052986E-5
9.916102148056558E-6, 8.897660004395444E-7, 0.0, 1.2287238780983041E-5, 1.720090991990466E-4, 2.752802477108274E-4, 7.772437655905956E-6, 3.984676704362446E-5, 7.840950671708107E-5, 0.0
4.4863393911540836E-4, 0.0, 2.967362840776321E-5, 2.2984331581161122E-6, 4.540394069882113E-6, 0.0, 1.612251594706504E-5, 2.0435395684873694E-4, 1.4709934795762362E-5, 3.885227501654819E-5
1.218012601919272E-4, 7.208179287379989E-5, 6.369850916534685E-5, 0.0, 4.555275008459796E-5, 5.594540456259791E-5, 1.3527315030876097E-5, 0.0, 1.3719903785525792E-4, 2.8642087998824266E-5
5.539856248957849E-5, 8.724058044066187E-5, 0.0, 3.965276651560002E-5, 1.2141286805524015E-4, 1.248033933298785E-4, 0.0, 5.590183637532493E-6, 2.4376054264346934E-4, 0.0
1.1648197553430506E-5, 7.16920111202275E-5, 3.460666639750371E-5, 0.0, 0.0, 5.7342943054873614E-5, 2.6944194918872856E-5, 1.3879373106569612E-5, 2.9589388061865493E-5, 2.1336955874286213E-4
6.131696579126479E-6, 8.746151693254968E-6, 2.9444450077948926E-4, 2.242691516884776E-5, 3.166118118295009E-4, 0.0, 1.3780605864336826E-5, 2.1282471065150433E-5, 6.827774841834596E-6, 5.7059875780650425E-6
4.2538420701577665E-5, 1.0848810970317653E-5, 1.8778301583100244E-5, 5.4131425777384955E-5, 0.0011295385806229664, 8.53356961032453E-5, 2.8033016664071016E-5, 8.98852569752083E-7, 2.290515106595387E-4, 8.844093835272274E-4
7.918973067572597E-6, 0.0, 0.0, 2.9346942488796805E-5, 1.3594306251398373E-4, 1.2809691446557282E-5, 0.004942234885445533, 1.0826424365152939E-4, 7.838416479669894E-5, 8.019253482056238E-4
5.8871550127162546E-5, 2.9155368961194203E-5, 1.162395348093817E-5, 5.535148191012932E-5, 0.0, 2.959455460195324E-5, 3.664547336790223E-6, 0.0, 1.1094172493945647E-4, 7.760477183119238E-5
4.078939901254185E-5, 8.196185672402889E-5, 1.7919744976979871E-4, 7.600364817511241E-4, 4.911569264371063E-4, 3.3923632813990784E-5, 1.0815877708476043E-5, 0.0, 3.205152664473935E-4, 5.501234882461774E-5
2.5950249664215177E-4, 5.500014426267348E-5, 0.0, 8.365885631097381E-4, 1.120018995522164E-5, 3.062761552875794E-5, 5.4926231278533714E-5, 0.0033115560104454624, 2.9408424347768535E-4, 0.0
4.7802213561169306E-5, 1.3326758798992497E-5, 5.6103490612829E-4, 3.6560219556305177E-6, 0.0, 3.58015600755443E-4, 6.439456697672204E-4, 3.1436655139893113E-4, 1.9471040989743756E-4, 3.066017488563755E-5
1.781077031581616E-4, 2.507472267356723E-6, 0.0, 5.2502347895945775E-5, 2.422106838235558E-5, 1.6849933907586828E-4, 1.1246396713684497E-4, 0.0013296528542328168, 2.0188179064101255E-5, 0.0
3.319273138192036E-5, 9.873858199217051E-5, 1.9529074452064802E-5, 8.624305645392073E-5, 8.753221732673982E-7, 8.422321812483654E-5, 0.0, 2.5735241553836697E-5, 1.366832381848466E-5, 0.0
4.0542003112064483E-4, 2.823789864853417E-6, 5.450182841196145E-4, 9.686540102794947E-6, 1.2391701690434638E-4, 3.224220343218256E-5, 0.0, 1.1472034048997057E-4, 9.100300063948054E-5, 0.0
1.2184296182834068E-5, 0.0011291160027992588, 0.0014018892536158136, 1.0647670581887191E-4, 4.905231224716526E-4, 0.0, 6.819930786918636E-4, 2.764643162899226E-6, 2.3825691242867185E-5, 0.0
5.672432883774119E-5, 6.061506102421268E-6, 1.2880599106041227E-4, 2.894879359242949E-5, 1.7140450009441773E-4, 0.0014358140303172768, 0.0035303900007104903, 0.0, 3.402872932187548E-5, 7.095793657868326E-6
1.8435728441720052E-5, 1.7295171688714217E-4, 2.4300714016461537E-4, 3.9633234814603036E-5, 2.9011693979212215E-5, 2.141419332733736E-6, 8.168407710749189E-4, 2.1877150683433073E-4, 0.0, 0.0
7.013068414673969E-5, 1.0827063947733123E-4, 5.3201912786104366E-6, 9.449339727386549E-4, 2.2879532935605036E-4, 0.0, 4.5641321881675894E-5, 2.4307810780222386E-4, 3.4929940956143665E-4, 6.147150488391107E-6
2.8846808446807062E-5, 2.711220191102292E-5, 9.131313715775656E-5, 6.522081905881341E-4, 7.741530212980555E-5, 0.0, 5.5328554790484596E-6, 7.026666198222253E-5, 5.535179177209454E-6, 0.0022400352049189096
0.0016872292453069186, 2.793405328700005E-6, 8.753221732673982E-7, 0.0, 0.0, 1.0638610240045347E-5, 1.0724383685237263E-5, 9.314166847775466E-5, 4.4393671238228276E-5, 9.629300261407181E-5
2.1521749072547127E-5, 0.0, 5.041089461923277E-6, 3.1980541811710835E-5, 3.0995161655265612E-6, 1.0757986191048924E-5, 0.0, 4.436982011540824E-5, 6.057406128286821E-5, 7.030892586260865E-4
1.6804043311344452E-4, 0.0, 0.0, 5.649398339076888E-6, 0.0, 4.193508523027743E-5, 8.200681764786715E-5, 2.6177017480013263E-4, 2.739230714446155E-6, 1.25522523995236E-4
1.1298796678153776E-5, 7.26715877928011E-5, 0.004135766562126202, 1.0037587242261834E-5, 3.346110675787289E-5, 4.315081497505883E-5, 4.888069322599133E-6, 1.2473683991689755E-5, 3.05241653276006E-5, 1.9816023862664526E-4
1.4536513645633023E-4, 3.6735533546889235E-6, 0.0, 0.0, 2.2756804853571339E-4, 1.0599065936284473E-4, 4.620880644246366E-5, 2.4012630643718595E-5, 0.0, 4.658862554236925E-5
7.784933076732284E-5, 3.1384420633527577E-4, 4.935626943757681E-4, 0.0, 1.4861085998627826E-5, 3.5583231402201715E-4, 4.530101619239522E-6, 0.0, 1.5887993178754928E-5, 9.340592241980841E-6
1.4913852271163894E-4, 0.0, 1.2640448838423888E-4, 9.993490514609895E-5, 2.0220135054948215E-5, 3.4805146718504116E-5, 5.6708168167213485E-5, 5.5276307837443435E-6, 2.4343745797677098E-4, 1.9397801711791342E-5
7.690519810779033E-5, 4.952910389283972E-4, 1.1110833340277604E-4, 0.0, 3.6733882468862635E-5, 0.0, 0.0, 1.085724889157359E-4, 1.4222860257074877E-4, 1.382459029435509E-4
7.440357137142583E-4, 7.327661888228731E-4, 0.0, 8.640238117909274E-5, 0.0, 7.587888683056506E-5, 6.079895451762196E-4, 2.6239832065074783E-5, 2.883888866458642E-5, 4.526123881821095E-5
6.068742353310985E-5, 2.294221947401138E-5, 5.0821116783877104E-5, 6.617797905687556E-6, 8.4935574793638E-5, 2.8033016664071016E-5, 4.136901453346358E-6, 4.7119899477547784E-5, 4.487650546651932E-5, 1.6613158452152027E-4
4.066349265515664E-4, 3.0553723486205817E-4, 8.392059466243078E-5, 1.7614568086596571E-4, 1.3666699567980442E-4, 0.0, 7.246624783859351E-6, 3.356488568661736E-5, 2.359389673544152E-4, 0.0
4.698670637645749E-5, 1.9854580869797838E-4, 5.040008775544692E-5, 8.939244686407791E-5, 3.8037197034770595E-4, 0.0030389061515823748, 6.9856251358316E-5, 6.137183787287937E-4, 0.0, 1.4977202558106197E-5
6.419869753682437E-5, 0.0, 0.0, 7.84860565528067E-4, 8.644284944749371E-6, 0.0, 3.551013414840928E-5, 1.828467160164298E-4, 0.002513235773189594, 6.293619071267799E-5
1.749855636909955E-5, 0.0013005740225305578, 4.13056723014488E-5, 1.9662246302405348E-4, 1.1609848366449682E-5, 4.2674926064405205E-5, 5.302784580562997E-5, 8.763965378831168E-5, 1.9874448763736895E-4, 1.719210318562795E-5
1.980826369991442E-4, 5.233705686447138E-5, 0.0, 3.556992971687866E-4, 0.0, 1.6619653193164184E-5, 1.220491234160736E-5, 1.2293121464057317E-4, 6.249238099052184E-5, 5.67936270451252E-5
0.0, 3.1743119026695093E-5, 0.0, 0.0024244249520009036, 1.4995067412035514E-4, 7.725651093041672E-5, 0.0, 2.0478713809443978E-4, 2.7841468359041254E-5, 0.0
0.0028364000731125843, 3.1836536527680795E-5, 3.1457620293940006E-6, 0.004008746355685131, 0.0017112751884325488, 2.511253554993314E-5, 8.917907221743683E-4, 2.9227601267929878E-5, 1.3222557683407894E-6, 7.841060655047435E-6
0.0, 0.0, 1.3616794073574494E-4, 7.96160119742482E-6, 0.0, 3.7193521977062486E-5, 0.0, 2.6927769365726748E-5, 1.7530200112761827E-4, 4.384115606493283E-4
3.7618981785829496E-6, 7.529165914390311E-5, 1.1855233810024013E-4, 0.0, 0.0, 4.734302089898479E-5, 3.1312135017926196E-5, 1.0855877372009206E-5, 0.0, 1.0174114146720985E-4
0.0, 1.2818120298058996E-4, 8.897660004395444E-7, 2.231374034358583E-5, 3.2040892000382085E-4, 6.68645006813811E-5, 2.71777388477708E-5, 0.0, 2.0542180829598793E-4, 4.53922126075676E-5
9.345632647410048E-6, 2.318711049606715E-4, 4.7267244272391675E-5, 6.690264109844801E-5, 9.23097870297826E-6, 9.404745446457374E-7, 0.003605158931654311, 0.0, 2.4025309076535115E-5, 0.0
2.4623646121101116E-4, 1.847063169560399E-4, 0.0, 7.715645399959768E-6, 3.5686910192131286E-4, 1.3777248527326942E-6, 5.0268709099550325E-6, 0.0, 2.9142109535662516E-5, 0.0
0.0, 2.528763595919273E-5, 2.9153838977516558E-6, 4.838584810714562E-6, 1.0294941110698816E-5, 1.8592025880100025E-5, 9.29340884891838E-5, 0.0, 0.0, 5.054804004487944E-5
0.0, 0.0, 1.2005018097564782E-5, 1.1320793234990902E-4, 1.2151424103506988E-4, 3.390652310644783E-5, 2.879272120008062E-5, 1.8531961882949574E-4, 0.0027853795729445643, 1.5363107034766712E-5
2.2643788054143812E-5, 0.0, 0.0, 2.6862211628561874E-6, 0.0, 7.435993443063095E-4, 3.8713645121970106E-5, 3.324600715454074E-5, 1.7423575840469738E-5, 6.553488743360149E-4
3.296971597926294E-5, 2.1290983910005282E-4, 0.0, 1.0096670142516324E-4, 2.4335666392778994E-4, 0.0, 3.0284891758233927E-5, 2.2972222048097123E-4, 4.778094665735115E-6, 5.09538948560959E-4
2.1879103683169823E-4, 3.809222948554112E-4, 0.0, 8.211261823055054E-5, 2.5735241553836697E-5, 0.0, 1.372927247604487E-5, 2.1492017812165006E-4, 0.003382419667532896, 0.0
6.143303268206983E-4, 4.5808124459809855E-5, 2.1422184690278676E-4, 3.583595732176389E-5, 2.6525511647646893E-5, 1.0004349717268378E-4, 5.7996620420934833E-5, 1.336480701130167E-4, 0.0, 0.002827306800701952
6.948706961446257E-5, 0.0, 1.0464134406801869E-5, 1.0797270450030232E-5, 2.8457598178713718E-6, 5.8945581439215316E-5, 3.908427797772131E-5, 0.003671068761356622, 2.3196875062540596E-5, 6.415932042447807E-6
0.0, 6.847823910146214E-5, 7.763920904279396E-7, 1.505208019748329E-4, 0.0, 1.6409385031657326E-4, 1.1726834134667E-4, 1.80429727703587E-4, 5.927099371862173E-5, 0.0
0.0, 4.20992437046282E-5, 1.8838608741832117E-5, 4.113351160901957E-6, 1.0522199835300822E-4, 1.5596263378353197E-4, 0.0, 2.3656662964836998E-5, 1.546877416995964E-4, 0.0
2.0895926988501594E-4, 1.1942959950288907E-4, 9.70932916479468E-6, 1.356134474294471E-4, 1.5090879014681684E-4, 0.0015177073476235537, 7.734646504428752E-5, 0.0, 3.3404962180810674E-4, 5.9261254587696553E-5
1.0393760180316891E-5, 5.009943810696861E-5, 7.161761498605962E-4, 0.0015698587127158557, 2.2257532746543834E-4, 8.251636281918032E-5, 0.0, 0.0, 2.6573489834226657E-4, 0.0013410749643687286
1.4217431555370608E-5, 3.273786789179043E-5, 1.6187171074709717E-4, 4.5604755629498364E-5, 2.9554006946115194E-5, 3.6143620289582687E-6, 0.0, 0.0015205682005584734, 6.823101070768172E-4, 5.843793724099472E-6
2.749578361900803E-4, 1.666529178009481E-5, 0.0, 3.6546957465790974E-4, 3.3205639203020387E-5, 2.4546179773493306E-4, 3.7924551813064465E-5, 0.001106828617862455, 3.135824278939948E-4, 1.0752182357012775E-5
8.366191291414583E-5, 1.2168766379299647E-4, 1.2289269747013092E-6, 3.475418618410903E-5, 8.66609326016262E-6, 7.080830333569066E-6, 4.070954014503453E-6, 0.004834901057726084, 7.909344531047772E-5, 4.5518498945563974E-6
0.001906730580750931, 0.0, 2.487730963204197E-4, 6.64310167962329E-5, 0.0, 1.4406805465860188E-4, 3.321107506325672E-5, 1.5339452496591764E-5, 2.4048947282916678E-4, 2.7130824837365777E-5
8.655910255522471E-6, 7.304772646256158E-5, 3.225764828840918E-4, 1.5172130264973913E-4, 8.044076174720016E-6, 4.012483364523911E-6, 2.805398401293261E-4, 1.6870139291116747E-5, 4.311032362919948E-6, 1.441944433229321E-5
3.125267516105319E-5, 1.5685951124368978E-5, 0.0, 7.595574558900902E-5, 1.8541053910586384E-5, 1.5134647917640608E-5, 1.4753432198385053E-4, 1.7435930221407256E-5, 4.084488398918367E-4, 1.6233932241867694E-4
5.194647281525641E-5, 2.9362108199368713E-6, 1.2827001070471544E-5, 2.0406551510111315E-4, 2.8180921516133577E-5, 6.408918604077575E-4, 4.539649658510828E-5, 0.0, 4.362240446693422E-5, 1.3244863431200683E-4
2.978379940015428E-5, 7.143977278667386E-5, 2.4152061908249805E-4, 6.029577819923918E-5, 0.0, 1.1052125507937268E-5, 0.0, 1.9431397117452746E-5, 2.6061148652791916E-5, 3.4452068559616433E-4
0.014394242303078768, 0.0, 1.8368880177957711E-6, 3.4518375724553985E-5, 1.2498968835071107E-5, 3.285672103942894E-5, 6.671473995464558E-5, 8.221700905483326E-5, 4.551360970714268E-5, 1.999335297241048E-4
9.658015797800557E-5, 1.1052125507937268E-5, 1.392560450581072E-4, 4.3342344929216536E-5, 1.6399815081004007E-5, 4.542231625651072E-7, 9.916102148056558E-6, 1.4721166841303896E-4, 6.961538082223886E-5, 7.447048914271628E-5
0.0, 0.0, 7.314746322537042E-5, 4.31673309639265E-5, 7.965114138746933E-5, 5.378183569992482E-5, 2.8594712837596327E-6, 1.0319375283782821E-4, 5.231253374102656E-4, 7.323238288724575E-4
1.1595515765820908E-4, 0.0, 0.0, 1.8914450640289182E-4, 7.567323958820304E-6, 1.613821404946806E-4, 6.029254370317517E-5, 0.0, 0.0, 3.183005110491538E-4
2.303110579025349E-4, 4.9944334768703245E-6, 2.626828382005058E-5, 8.020532563362207E-5, 4.754998692375359E-6, 0.0, 7.300936643799248E-6, 1.4256163295796856E-5, 9.283213501668938E-5, 0.0
1.1232565155840237E-4, 0.0, 4.19516758645716E-6, 1.3195123836237202E-4, 4.311032362919948E-6, 2.4211967706615516E-5, 0.0, 1.7000701332190295E-4, 1.6262757370840672E-5, 6.140114967512652E-6
1.2468096680392348E-5, 0.0, 9.064457356260367E-6, 1.8815904960526033E-4, 0.0, 3.254727089987474E-4, 2.5687790593131085E-5, 2.1840836799195853E-4, 7.235096796825328E-5, 2.1347047990627003E-5
2.255352409385931E-5, 2.7489897462682465E-5, 0.0013003803893161844, 4.314189834972283E-6, 0.003929756853391487, 3.0995161655265612E-6, 2.2847687693754403E-5, 7.945905114392282E-5, 0.0, 0.002518176235517199
3.428317347216518E-5, 3.89384597113492E-5, 0.0, 0.0016480980947986023, 8.682777026285965E-6, 5.448763749116758E-5, 2.2785035617153405E-5, 1.153066469403603E-5, 0.0, 3.885937375528568E-5
3.386334430858662E-4, 0.0011895798307771119, 4.3836989025096675E-5, 0.0, 8.063781611909335E-5, 1.6616627365469004E-4, 0.0, 9.678779016823383E-4, 3.3864233245310346E-4, 1.1778140794870875E-4
1.0211641952602096E-4, 2.9677036425336447E-4, 9.278404559779137E-7, 4.1654012429802004E-5, 0.0, 0.0, 0.0, 0.0, 2.0382179452860773E-5, 6.38474131954513E-6
5.130067950081848E-5, 2.0187222065210494E-5, 0.0, 2.2866184799932316E-5, 6.813944783425579E-6, 1.1388782997812405E-4, 4.615871336476275E-4, 0.0, 0.0, 1.389397426509049E-5
9.095663642358506E-7, 1.446476921583299E-5, 0.0, 4.302199220505237E-5, 3.523700921851106E-5, 2.3821515592883493E-5, 6.347930045810895E-5, 0.0, 0.0, 0.0
3.9834612589950615E-4, 0.00123740953074007, 8.651481257183819E-5, 8.440239289762842E-5, 1.7841903704033394E-4, 1.5342634880938898E-5, 2.1044493090772674E-5, 0.0, 3.443330875740316E-5, 2.970532319391635E-5
3.252387600969211E-5, 2.8011764941275337E-5, 8.166574792700249E-5, 1.1699532603672483E-5, 0.0, 0.0, 0.0, 5.301423810966374E-4, 6.0213849486451135E-6, 3.1224922484129934E-6
1.612110171609128E-5, 1.252773276325414E-4, 2.5557505025244425E-6, 0.0, 0.0, 5.7789793238955375E-5, 0.0, 1.2561026916918644E-4, 2.3041859377869798E-4, 1.1075483962336091E-4
5.135326835023456E-5, 0.0, 0.0, 0.0, 1.1845510451153332E-4, 0.0, 1.858780393321221E-4, 4.905357263301183E-6, 1.2931867807860894E-5, 3.5462407631510124E-5
8.426254968718637E-6, 1.9664918927941793E-5, 6.0583736417126294E-5, 1.5899204494659685E-5, 3.4469832433527084E-6, 4.796654551480095E-5, 1.563151313047103E-5, 1.224716132346454E-4, 0.0, 2.8273332853939634E-4
0.0, 2.1461131860094302E-5, 6.515641983242953E-5, 8.194403383163876E-5, 2.4394833871181337E-5, 5.877268798617113E-5, 1.9029535954193793E-5, 1.1833538523857097E-4, 1.026605177713408E-5, 3.330182238999632E-4
6.216137681932372E-4, 1.8126778690158972E-6, 4.096664905100757E-6, 0.0, 0.0, 0.0, 0.0, 3.083747821633017E-4, 6.507037671100232E-5, 2.0927698724849157E-5
1.4313675424019548E-5, 4.434348306390129E-4, 0.0, 0.0, 1.7897087334844206E-5, 0.0, 3.609149149610538E-5, 9.860520043827112E-6, 1.0849485806702668E-5, 7.947068825312338E-5
6.277528055440792E-5, 0.0, 1.0172523167215088E-4, 1.3425304959531408E-4, 9.96622356232695E-6, 7.788761701950642E-5, 0.0012764667400635042, 2.640477348795712E-4, 9.52602942888179E-6, 5.7789793238955375E-5
2.7263333814985563E-6, 3.7693638332596437E-5, 1.0415218576160182E-4, 0.0, 0.0, 3.995430411440545E-5, 2.815798884380482E-6, 2.2426021765875492E-4, 7.57346258709482E-5, 9.659409230531461E-5
0.0, 7.929373762177253E-5, 2.351602230970422E-4, 1.0805800963979951E-4, 2.295970846680577E-6, 3.756406129677616E-5, 2.5308702903667485E-4, 0.0, 0.0, 2.4012251584363934E-4
8.10195500174192E-6, 4.582203295176945E-6, 2.136066564736605E-4, 1.2473683991689755E-5, 0.0, 6.265384274001498E-5, 4.205353648825713E-5, 3.0995161655265612E-6, 0.0, 2.0122242623940437E-5
5.894901493861423E-5, 3.2691932154215256E-5, 1.3145923834330535E-5, 1.0738108454895395E-4, 1.1092688167020854E-4, 1.5887993178754928E-5, 1.2378353207467095E-4, 7.007473178166465E-5, 7.15927383906584E-5, 4.3110489916683304E-5
2.1087508684920292E-4, 1.0458579666778032E-4, 1.07872855168924E-5, 1.1355850723556956E-5, 3.563574918965791E-5, 6.838635555433979E-6, 6.245093661813587E-5, 0.0, 3.5717044218147206E-6, 0.0
0.0, 2.4248804141695747E-4, 8.325096972859216E-5, 3.3303666274295886E-4, 1.3677407479368846E-4, 0.0, 0.0, 0.0, 9.404801464641081E-5, 1.711269878927656E-4
0.0, 7.98568896211239E-5, 1.0171775864918817E-5, 7.646797266411585E-5, 3.652416947214635E-4, 5.426941735084897E-5, 1.3917606839668705E-6, 2.796159940348588E-4, 9.184440088978855E-6, 0.0
2.2988409661819594E-5, 7.643197554176782E-5, 3.7229850894447166E-5, 6.241140506016069E-5, 0.0, 2.8691802981422633E-5, 9.217864220860026E-6, 0.0, 9.004344596267699E-5, 4.517952536197836E-7
0.0, 0.0, 2.774298169456104E-4, 3.474464136291647E-5, 5.993348897288713E-4, 4.587347933439996E-5, 8.897660004395444E-7, 5.649398339076888E-6, 0.002632320124791473, 6.363265201031364E-4
4.3716364583551535E-4, 6.9184841140073934E-6, 0.0, 1.725916019992239E-4, 1.1651277271270862E-6, 1.1817995746233459E-4, 0.0, 0.0, 2.081499631277208E-4, 0.0
6.337255537067004E-5, 1.8628642158273085E-5, 3.439862915092717E-4, 0.0, 1.1082379017362394E-4, 3.58161035936409E-5, 1.4574485367495183E-4, 5.573281687589695E-5, 1.1374059137828118E-5, 9.799024399570755E-5
0.0, 3.5629323481368604E-5, 4.204483906899879E-4, 2.1455520107145973E-4, 0.0, 0.0, 0.0, 4.922168215098751E-5, 3.2082348700284373E-4, 7.830332413894663E-4
6.910066861806955E-6, 3.6526077793240485E-6, 9.279338717205657E-7, 0.0, 0.0, 8.125857930982445E-5, 1.2030134393005898E-5, 2.9790498320560656E-5, 1.6735298294013833E-5, 1.0765358086928584E-4
3.953839780097746E-4, 0.0, 1.5513338590138923E-5, 4.5471598871531926E-4, 0.0, 5.649398339076888E-6, 1.8368880177957711E-6, 6.061506102421268E-6, 1.3272542039632726E-5, 1.7225757330421033E-5
0.0013439938560280867, 4.55909037028932E-6, 1.3068434425079057E-6, 4.99546774835195E-6, 0.0, 3.2691704153154096E-6, 0.0, 5.489305765004761E-5, 1.8120406476958091E-6, 6.169868828588704E-6
3.159437184396738E-4, 1.992364744141805E-4, 9.131014999061789E-7, 0.0010944910616563297, 0.002372229608869078, 0.06894679695982628, 1.5426147319706904E-5, 5.803241007107372E-4, 4.135811337347247E-5, 2.9346942488796805E-6
0.0, 8.480908203497696E-6, 0.0, 0.0, 0.0, 0.0, 7.509535133425995E-4, 1.9216040452510303E-5, 7.236246067100263E-5, 3.5806051932979356E-5
0.0, 0.0, 2.9346942488796805E-6, 3.1376005673949306E-5, 0.0, 0.0026075394813617364, 2.227632895009434E-6, 9.984801705404132E-6, 6.499569945121964E-6, 1.2712364590616458E-4
0.0, 0.0, 1.6081156235133308E-5, 2.046482060464511E-4, 5.574243658529734E-5, 0.0, 0.0, 4.2366128862994156E-5, 3.162566775338485E-6, 9.496731207284216E-5
0.0, 5.4970136875640824E-5, 1.1921120403316074E-4, 2.040875827283594E-5, 3.572917286964807E-4, 2.0688244428121135E-4, 0.0, 0.0, 5.401593908169984E-5, 3.374027858223349E-5
3.1093850569172933E-6, 3.333128667537958E-4, 0.0, 0.0, 1.15643817043506E-4, 3.363647468501212E-5, 0.0, 0.0, 2.547984926121177E-6, 1.1125379852254956E-5
3.6874448035605965E-6, 1.085724889157359E-4, 1.0698001827218711E-5, 0.0, 2.3947898717911276E-4, 0.0, 6.362472844228223E-4, 5.750910800498029E-6, 2.3482391911759255E-4, 5.756329345767005E-5
0.0014156854117444496, 7.964658156871906E-6, 2.099481875515204E-4, 1.1087177590419259E-5, 3.0072474663940097E-5, 3.7564634541114233E-4, 0.0, 3.71701440110767E-5, 1.4491404963022054E-4, 9.414405169638166E-6
8.582776439390801E-5, 0.0027927287498730577, 5.036605124112832E-4, 4.140901060070672E-5, 1.3837947943023634E-5, 3.257694277331266E-4, 1.351643598615917E-5, 2.7652603658550073E-5, 0.0, 3.795796282144068E-6
8.400664891968827E-5, 0.001732039205926641, 0.0, 6.272760537366486E-5, 0.004650997024074701, 0.0, 4.4209186079411485E-5, 0.0, 2.8668765857411113E-5, 0.0
0.0, 2.6630449255678944E-5, 7.521837236683312E-6, 8.205086127763447E-5, 8.046051519207852E-5, 1.530291143278358E-5, 1.1691609516430534E-5, 2.912101888480532E-4, 1.8607364493125332E-4, 0.0
0.0, 0.0, 0.0, 8.988453294613842E-4, 0.0, 7.0585506778729566E-6, 9.312131809157351E-5, 0.0, 5.802218795298392E-4, 4.7003749400531895E-5
0.0, 2.4578539494026184E-6, 0.0, 2.5087537586507206E-5, 7.115337727133439E-5, 3.7229850894447166E-5, 2.2571523515138594E-4, 3.126439033026308E-4, 0.0, 0.0016535917551145978
1.0898432346547204E-4, 1.9251239474619587E-5, 0.0, 0.0, 7.2691411630868166E-6, 1.0429486243507645E-4, 1.307489068574206E-6, 1.570568092428381E-5, 1.1079994792402447E-5, 0.0
1.1690630166227007E-5, 1.1168192986374804E-4, 9.492530139784516E-5, 7.587693037808785E-5, 7.942916903850991E-6, 6.243633837512093E-4, 1.2438120351252519E-5, 4.496010812224789E-5, 0.002242655303879794, 0.0
1.9647909462433197E-4, 6.329033809698612E-6, 0.0, 0.0, 2.091899771852181E-4, 0.0, 9.368392355766574E-6, 2.4990815875165875E-5, 7.676544132171367E-5, 3.831558496093939E-5
0.0, 0.00386401779790016, 1.2011695695701245E-5, 0.0, 0.0, 0.0, 0.0, 1.2931867807860894E-5, 1.0200203383185719E-5, 3.612222413717629E-5
3.9632935603613575E-5, 3.341194421319048E-5, 0.0, 6.776671540300309E-5, 0.0, 3.706608872284087E-4, 1.0591995452503285E-5, 1.2826841854322518E-4, 0.0, 1.4506250743445351E-5
0.0, 1.128520897033048E-4, 2.4343421617385475E-5, 0.0, 0.0, 0.0, 0.004811376231801415, 1.7716611425766708E-4, 1.9039010740694442E-4, 1.7738419135192938E-5
1.510877563014926E-6, 0.0, 8.327047873074754E-6, 0.0, 1.7249882404436032E-4, 1.340679362453336E-5, 0.0, 0.0, 0.0, 0.0
7.733617105523659E-5, 4.174138374356765E-6, 4.222939183452479E-5, 3.3721378979591074E-5, 3.5239274675043546E-5, 2.3926061633534767E-5, 3.0277569619486645E-5, 0.0, 8.130632156650179E-6, 0.0
3.138520703600546E-5, 1.5250302314816475E-5, 1.1298367747408267E-5, 0.0, 5.113650891053668E-6, 4.144703090243494E-5, 3.179840898931937E-6, 2.8117424443920935E-4, 1.6147420742533935E-4, 3.44341918579965E-4
0.0, 3.54210081999634E-6, 1.9217847788400425E-4, 3.90279283855527E-4, 1.1734549256151494E-4, 5.438033607047691E-6, 1.4111712558282188E-4, 3.5044613740214277E-6, 9.713346774250518E-5, 0.0
2.0658098146624296E-5, 1.2184296182834068E-5, 5.15109081646202E-4, 7.381260368478364E-5, 0.0014227375258901893, 0.0, 1.757873896330938E-4, 4.933153604988543E-4, 7.601222952314995E-6, 0.0
0.0, 6.241257825882071E-4, 2.5986645124114475E-4, 0.0, 0.0, 2.6270364628131665E-5, 1.0434888194916123E-4, 4.7693434895005324E-4, 8.738191856269983E-5, 1.2080475294219976E-6
2.4391896469950537E-5, 0.0, 9.027503191222378E-6, 4.76484362237026E-5, 4.5642362556079696E-5, 0.0, 0.0016222989583233693, 5.415047605037258E-6, 4.009324780107136E-5, 1.7403701281086217E-4
2.2179519254484254E-6, 2.3498240735486068E-5, 7.078561203322094E-6, 8.023513116332495E-6, 2.3868911935649413E-5, 1.6033552317903148E-5, 3.8042504522149326E-4, 1.9919835835257687E-4, 0.0, 0.0
7.6044947036931E-5, 0.0, 4.64452494954357E-5, 3.590946398747049E-6, 0.0015359929783178134, 0.0015635586595090425, 3.760510037976451E-6, 5.29527793590066E-6, 0.0, 4.565507499530894E-7
1.6995966084704187E-5, 1.6738777085869578E-5, 7.787797374600082E-6, 3.5974183127478564E-6, 5.647579729706834E-7, 3.7657620678552667E-6, 0.0, 1.60921030384157E-5, 1.8957463587882664E-4, 1.141692279286277E-4
5.499884502425449E-6, 2.4181652574136917E-5, 8.711787920234869E-6, 0.0012044782294284631, 2.0819896579426775E-5, 9.851721736149218E-6, 1.475732216161882E-4, 2.485729652043044E-5, 1.507268046520321E-5, 2.598026798646428E-4
7.052392332259032E-5, 0.0, 0.0, 0.0, 1.8007053797625553E-4, 0.0, 0.06822294607310894, 0.0, 0.0, 0.0
7.521837236683312E-6, 1.964933026319924E-4, 6.418438020693486E-4, 1.7170351617272437E-4, 4.720781030378987E-5, 1.3935015875734818E-6, 1.9879925251481054E-4, 7.443984020247637E-5, 5.538979486302926E-4, 2.063108423568538E-7
2.992198739446515E-4, 1.8070781561302525E-4, 2.476847666437971E-5, 1.5527841808558791E-6, 0.0, 0.0, 1.6346625383424523E-4, 0.0, 5.499884502425449E-6, 0.0
0.0, 9.555096506474716E-5, 0.0, 3.15537929061464E-5, 1.6308362352625166E-5, 7.777583338194323E-5, 1.670597210659524E-5, 0.0, 1.2197416935590669E-5, 2.6137845771027243E-5
7.729005389021004E-4, 4.547730437291033E-5, 8.249826753638174E-6, 1.7564637867351854E-5, 4.289686728729958E-4, 4.1264547472340145E-6, 1.5095858702762542E-5, 0.0, 1.510877563014926E-6, 5.594651068675677E-5
9.215477209664087E-7, 9.906350317275635E-6, 1.1228599960819353E-4, 6.657346381732241E-5, 0.0, 2.167777761158148E-6, 0.0, 1.4426267347586486E-5, 2.0537141620225225E-4, 0.07057546145494029
0.0, 1.567913001279468E-4, 6.436367314287816E-5, 4.3163401308294794E-4, 8.34827674871353E-7, 0.0, 4.163859531365938E-6, 1.438740378909777E-5, 8.280864853525303E-6, 2.5717653294649333E-5
0.0, 0.0, 0.0, 3.815657933897542E-6, 1.3222557683407894E-6, 0.0, 2.2912677743396157E-4, 2.430586500522576E-5, 0.0016018009437637993, 8.993545781869641E-6
2.0516943859520524E-4, 1.7743615403587404E-6, 1.0866527989071377E-4, 3.160509379851226E-5, 2.609197300797361E-4, 6.459215793787383E-6, 2.8852534695172972E-5, 1.575905042265773E-5, 9.989297181591153E-6, 0.0
0.0, 5.0916732626979386E-5, 0.0, 1.6147420742533935E-4, 1.0533996650999372E-5, 0.0, 3.299529888719768E-5, 0.0, 8.107691767179523E-6, 1.8045055654750598E-5
1.1109245217211579E-4, 5.477176560378015E-5, 3.049118211001264E-4, 2.2957856888233638E-5, 2.9850959062305633E-5, 0.0012020061802264664, 7.96294139209326E-5, 0.0, 9.838970709496004E-4, 2.9020901746388572E-5
2.472754330722952E-4, 0.0, 0.0, 4.186421342376003E-5, 7.712289533371427E-5, 4.280216882156266E-5, 0.0, 1.7436226131114143E-5, 3.7418330426634045E-5, 0.0
1.9322017991559037E-5, 2.8033016664071016E-5, 4.543694109857869E-4, 0.0, 7.939368623820749E-4, 2.0591193396535205E-4, 0.0, 0.0, 5.960434634893576E-6, 7.329094673580446E-6
0.0, 8.759672727324104E-5, 4.971375344071504E-5, 0.0, 0.001794124243103835, 0.0, 7.143408843629441E-6, 0.0, 2.072788024259911E-6, 3.2873470013916435E-6
0.0, 0.0, 0.0, 5.069258747639627E-5, 0.0, 1.3640778288246015E-5, 1.1097697633754325E-4, 0.0, 1.1698868777883524E-6, 3.340669858689665E-5
3.7821768411379933E-4, 0.0, 6.186664027023348E-6, 1.1323221778935997E-4, 0.0019814027030079433, 0.0, 1.3708363600459825E-4, 6.7636575154380485E-6, 4.728713695300605E-6, 2.9198256159321796E-5
8.116483840818535E-5, 5.570942705639744E-6, 0.0, 4.476155519547371E-5, 8.641585313253671E-4, 0.0011963293930864459, 4.3434826043521695E-5, 7.094420829219555E-6, 4.91700631143857E-5, 1.3780596010777465E-4
0.0, 5.544709325909259E-5, 0.0, 1.262228543382626E-4, 0.0, 2.586373561572179E-6, 3.2079660212239033E-6, 0.0, 4.960903356877938E-4, 2.0263381297112362E-5
3.371961673585971E-5, 5.152937515889488E-4, 9.257826965354634E-5, 4.3680685154140104E-5, 0.0, 4.6488373520924155E-4, 1.413426487764362E-4, 1.1054235024827812E-5, 0.0, 0.0
6.767981295760782E-5, 3.6175949261306906E-4, 2.692432346747592E-6, 3.82567278585927E-5, 0.0, 6.225893193319913E-5, 9.940588416563671E-6, 4.4949759653635133E-7, 0.0, 0.0
8.668223736485998E-5, 1.9108788372951602E-4, 1.6740066770756893E-4, 3.120933321018851E-4, 1.569533471870821E-5, 3.4902983131119766E-5, 1.0171956931934351E-5, 0.0, 1.0518376260726004E-5, 0.0
2.2028052033347707E-4, 0.0, 0.005189452982322655, 2.682631303624682E-5, 8.138180336963274E-5, 0.0, 3.029568589432865E-5, 7.52991192599568E-5, 1.2452192475317976E-4, 0.0
7.601222952314995E-6, 0.0, 1.5020427781783224E-5, 1.0749095768632976E-4, 6.067913960091797E-5, 1.205814154639061E-4, 9.938182497154065E-5, 8.971421536694859E-6, 4.070954014503453E-6, 0.0
2.2785035617153405E-5, 1.6420806146636157E-6, 0.0, 1.651666779530563E-5, 3.6538890167750045E-6, 0.0, 1.2382937896594543E-5, 4.447066566657081E-5, 2.6788524688974067E-5, 0.0
5.8025002973781405E-6, 1.6396408621118574E-4, 1.1211697711770718E-4, 7.603817801565016E-5, 3.659411865794608E-4, 2.2082306276067472E-5, 9.462831676065904E-4, 1.6359476879621227E-4, 6.596407596422988E-6, 9.492949902539048E-5
5.044882639213536E-6, 0.0, 2.2291076881924166E-6, 1.444136667592748E-5, 4.323081696072099E-5, 5.007034884012037E-6, 6.867074482283502E-5, 1.4673424593882406E-4, 0.0, 1.2904032876545596E-4
1.0733849019757208E-4, 8.106806800777495E-5, 5.837593752633501E-5, 1.8207256070682486E-4, 2.8831737977165263E-6, 7.486636570099153E-5, 4.1673315762779224E-5, 1.0458802212743344E-4, 2.2635724317455744E-5, 3.24578954898473E-5
1.7289013523466378E-6, 0.0, 1.0556346529668747E-4, 3.2873470013916435E-6, 6.151858198263997E-4, 0.0, 7.422843166186596E-5, 0.0, 0.0, 3.113092421487809E-6
5.534459388975558E-5, 1.6678765694654615E-4, 8.66609326016262E-6, 0.0, 0.0, 0.0, 4.312562451294998E-7, 0.0, 3.065878209809429E-5, 0.0
1.4544331682365221E-5, 3.0358297973700374E-5, 1.2344812778252871E-4, 2.0243930156600603E-5, 0.0, 1.952857326684784E-5, 4.861113405604364E-4, 0.0, 2.263368476387956E-4, 1.9239434376020894E-5
1.0342577649150088E-4, 1.0197033284003338E-5, 3.186613391211674E-5, 0.0, 0.0, 0.0, 1.1498607914435277E-4, 6.271177566178726E-4, 5.5111752856855485E-6, 6.478121472211514E-5
0.0, 0.0, 0.0, 1.4537162186525836E-4, 0.0, 1.7107395954956225E-5, 1.4946428550897764E-5, 0.0, 1.8050158683457526E-5, 4.2383153883059795E-5
4.2009615534222277E-4, 3.7544960089707427E-6, 0.0, 9.027299917562016E-5, 0.0, 1.4693588022192383E-4, 0.0, 1.9915638829152217E-5, 0.0, 9.706465835899563E-4
5.100658501207638E-4, 1.293353415078832E-4, 0.006985035378203318, 0.0012312155571850795, 6.620199173420846E-6, 0.00143245344309403, 0.0, 0.0016450928611628209, 6.613051597594824E-5, 4.6063589864536194E-7
5.522549120313151E-6, 1.2005018097564782E-5, 4.4627122179042195E-4, 4.871976740919689E-5, 0.0, 1.7630076911210526E-5, 0.0, 5.843793724099472E-6, 2.58160451884055E-5, 0.0
2.0130627748858297E-4, 1.0429486243507645E-4, 1.5036237331970049E-5, 2.5410558391938552E-5, 2.9283787461715756E-5, 8.278173857526958E-5, 0.0, 3.88955395459594E-5, 3.0289863900910413E-6, 0.0
1.2285435938995267E-5, 8.477343105029065E-5, 0.0, 1.909147315716146E-4, 0.0, 0.0, 1.7897107737904016E-6, 0.0, 3.4902983131119766E-5, 0.0
5.3297831685447536E-5, 2.2291076881924166E-6, 5.029736217543771E-5, 7.58020645863949E-4, 1.438351693216549E-5, 5.5328554790484596E-6, 0.0, 0.0, 1.46213864287826E-4, 6.148895504644978E-5
2.1087922065174714E-4, 4.2742097800251927E-4, 4.9567894759290235E-5, 2.420410730000443E-5, 0.0017519078881780943, 0.0, 0.0, 8.748435375980834E-5, 4.2230108019497515E-5, 0.0
3.2924689916299266E-5, 2.0512119243786537E-4, 0.0, 0.0, 4.018167474541561E-6, 0.0010707681722402992, 1.1962670486746109E-5, 0.0, 2.16516814239969E-4, 4.411865270458371E-6
6.379089034968299E-5, 5.0452224204762195E-5, 5.29527793590066E-6, 2.294007525848952E-4, 0.0, 1.0768409570888162E-4, 0.0, 6.079590813638615E-5, 4.061223343205477E-4, 1.477650535648319E-4
4.4116589558220885E-7, 7.494713884613259E-6, 0.0, 5.319744652256691E-4, 9.640107253078982E-5, 1.8071598196823307E-5, 0.0, 0.0, 2.1410974080876994E-5, 2.472799208704253E-5
0.0, 0.003530552213079573, 1.679261125104954E-5, 8.264567890246539E-6, 1.2730915352813868E-5, 3.138796706179156E-4, 2.226032078293844E-5, 0.0, 0.0, 0.0
1.0508862474019757E-4, 3.7510580921395445E-5, 3.133287188558375E-5, 0.0, 9.019650696681289E-4, 2.6239832065074783E-5, 4.315081497505883E-5, 1.3384676445502832E-4, 0.0, 0.0
5.449591280653951E-4, 6.910066861806955E-6, 0.0, 5.647579729706834E-7, 0.0, 0.0, 0.0, 1.042607752377939E-5, 0.0, 2.5110420458296562E-5
8.253100448284261E-6, 4.5160387114838345E-6, 0.0, 1.7435930221407256E-5, 6.142070822801257E-4, 2.3614005466642268E-6, 2.0193242600606944E-6, 0.0, 0.0, 3.31237233147755E-4
0.0, 0.0, 9.328999023847466E-6, 0.0, 1.3179727397790078E-5, 0.0, 0.0, 0.0, 1.2205926371598724E-4, 0.0
0.0010111223458038423, 6.223076089312209E-5, 1.3634200756334564E-5, 0.0, 4.471024186452439E-6, 1.1357890232992337E-4, 1.1206216801582725E-5, 0.0, 1.1757047664246936E-6, 1.523587279739089E-4
3.1567297050190076E-4, 0.0, 4.878358139784474E-6, 6.2328790603311525E-6, 1.0789467208537686E-4, 0.002698742572230892, 3.4598146291492393E-4, 1.5129050803352597E-5, 4.540394069882113E-6, 0.0
7.763920904279396E-7, 2.0909857603869717E-5, 8.2354459082187E-6, 2.643071297049079E-4, 8.76179227718105E-6, 1.4346204660320666E-4, 1.6390052563247294E-5, 6.033057131040012E-6, 1.2174583527788486E-5, 0.0
2.69413607811917E-6, 2.9489889129907956E-5, 8.719245832794987E-6, 0.0, 9.184440088978855E-6, 0.0, 0.0, 4.628359501451896E-4, 5.4513843595888875E-6, 2.9182680662680312E-5
0.0, 0.0, 2.4078428567267127E-4, 1.8391514890690031E-6, 2.5092331940186153E-5, 1.651666779530563E-5, 1.2901668093529722E-5, 4.3279551277612356E-6, 0.0, 5.181970060649778E-5
0.0, 9.074292476726608E-4, 1.8567003260274334E-4, 0.0020040211921296142, 4.8213112875084375E-5, 0.0, 3.73230742729178E-4, 1.4828714093837242E-4, 2.3800425498718083E-5, 2.8680439850395655E-5
0.0, 2.521913325201564E-5, 0.0, 1.555699889934233E-5, 3.8811266356176534E-5, 4.061408496466574E-5, 2.749311730522256E-4, 1.3975604444892243E-4, 0.0, 0.0
1.3198946815071378E-4, 0.0, 1.3553343080600618E-4, 0.0, 0.0, 8.306795549289808E-5, 4.3172731385610194E-4, 0.0, 0.006443510765172171, 3.5507265674238594E-5
5.839893480342919E-6, 3.029385034837928E-4, 1.5966394853882796E-4, 1.8628642158273085E-5, 3.6110012764889512E-6, 0.0, 5.23703756188176E-5, 7.035860816877236E-5, 0.0, 2.793083915481281E-5
2.6137322004837146E-5, 2.7733880781783185E-4, 6.485334380335064E-5, 0.0, 0.0, 2.419292405357281E-6, 0.0, 0.0, 0.0, 1.6721584266164236E-5
0.0, 4.446189985698089E-5, 5.274397778113831E-4, 0.0, 6.867181934589627E-4, 0.0, 0.0, 2.1111718245492026E-4, 4.097234107658716E-4, 0.0
2.684844856239982E-5, 2.591872627973711E-5, 0.0, 0.0, 1.8420209179895447E-5, 1.7424881336558097E-5, 2.5496974935177183E-5, 0.0, 8.476630776611958E-6, 5.617026455414462E-5
7.448864872802651E-6, 2.3326923094866865E-5, 1.356134474294471E-4, 2.4526786316505915E-6, 0.0, 8.516074089844582E-6, 0.0, 0.0, 1.356134474294471E-4, 0.0
0.0034596594355308383, 1.5478519903040216E-4, 2.1508040736427386E-4, 1.572103779134633E-5, 2.8838389664321145E-5, 3.1791845164630665E-5, 2.5106563413599947E-5, 0.0023868404401867944, 4.0040545165734946E-5, 0.0
1.4179945035467109E-5, 0.0012987575219706481, 3.244877761475158E-5, 0.0, 1.020922096837864E-5, 3.210592768175463E-5, 0.0, 0.0, 4.76484362237026E-5, 2.582262268328037E-5
0.0, 2.5187291818195477E-5, 2.5440395365866067E-5, 2.6120385486334195E-4, 0.0, 1.2060867176349979E-5, 1.3431105814280937E-6, 0.0, 2.986611617441334E-5, 1.3850959063490487E-5
1.1505334110935225E-5, 4.614684345102876E-5, 2.990667621686527E-6, 8.666134683698931E-4, 3.6131080379374575E-4, 0.0, 0.0, 1.341315651812341E-5, 1.714721155475139E-6, 0.0
3.709586644760709E-4, 5.869388497759361E-6, 1.549268680629881E-5, 1.546242097099069E-4, 0.0, 8.603124600447771E-5, 3.4030736561262132E-6, 0.0, 1.0192102940239697E-4, 2.1290185224611454E-6
1.1745124769363897E-4, 1.688808619266209E-4, 6.963294299716724E-6, 0.0, 0.0, 4.915810280770385E-5, 0.0, 3.4076673366992567E-6, 0.0, 6.379089034968299E-5
4.105201536659039E-6, 2.2196835619114138E-5, 0.0025264142263516317, 3.8221240004104694E-4, 0.0, 7.34512567638145E-5, 4.43894645999653E-4, 7.315235440852664E-6, 0.002488067431705088, 1.2909583429258711E-5
2.033667396658928E-4, 1.6112465005740064E-5, 1.2440894233046518E-5, 4.465326294788339E-6, 1.7437303715614096E-5, 0.0, 2.1778072241853162E-4, 3.825856231290241E-6, 0.0012389724510831466, 1.573397936046762E-5
0.0, 4.3209049703369874E-6, 3.843991799484161E-5, 2.5998279780487858E-5, 1.4528759060768984E-4, 1.0599834006599458E-6, 0.0, 0.0, 2.2092996473111648E-5, 0.004544077552256892
0.06858487151646761, 0.0, 2.5193076942456212E-5, 1.2058144372162568E-5, 1.6294016475061103E-4, 1.1298771145650199E-5, 2.4343421617385475E-5, 5.599830236725455E-5, 0.0, 1.3070678986255188E-4
0.0, 5.199944689726895E-4, 1.2002083514399249E-4, 7.613508388281887E-5, 3.130095915703039E-5, 4.778929019249981E-5, 1.997334128127432E-4, 0.0, 1.2901668093529722E-5, 2.8457598178713718E-6
0.0, 3.1224922484129934E-6, 1.4179945035467109E-5, 0.0, 0.0, 9.621424894930311E-4, 4.443433781074632E-5, 1.5078153877683966E-4, 0.0, 4.5484068750079596E-6
0.0, 8.025049034409778E-5, 1.3785430186992427E-4, 8.510888192036276E-6, 5.296701651764896E-4, 1.6018585220246393E-5, 0.0, 1.0470699840635948E-5, 3.7291198422582306E-5, 8.948553868952008E-7
2.1822936708139154E-5, 2.039884732913359E-5, 2.3166831768954407E-5, 4.545588178756951E-4, 1.8582541054451167E-5, 0.0, 5.750111147034785E-6, 4.801219235330389E-6, 5.459781881713826E-5, 1.382321581449613E-6
9.98937921916793E-6, 0.00162038586992912, 2.1278050930534763E-4, 0.0, 3.532293007629753E-5, 0.0, 0.0, 6.647511267208118E-4, 7.153638698323903E-6, 2.175877048440916E-5
1.166091006406504E-5, 2.4526786316505915E-6, 3.147560797759776E-6, 2.639657689190866E-6, 3.192370659772565E-6, 6.33804434888082E-6, 0.0, 1.0629655219540343E-4, 3.897139095880564E-4, 5.336479879988497E-5
3.7947517090846293E-6, 6.942930641654419E-5, 1.3262387183960743E-5, 9.421391943363975E-5, 4.211337552391671E-5, 0.0, 1.787027964009257E-5, 2.2783961393119894E-5, 0.0, 7.264027838190517E-5
3.2387614976033165E-4, 0.0, 2.5554474007615232E-5, 5.876588034905125E-5, 9.095663642358506E-7, 0.0, 2.0432882194954975E-4, 1.0468766357447434E-4, 2.8984793128285246E-6, 0.0
3.7633057763423104E-5, 0.0, 3.6676231945793416E-5, 1.0648379849005974E-5, 7.605069590659265E-5, 0.0, 1.5159183083284552E-5, 0.0, 0.0, 1.2870875148984786E-4
3.387786741695616E-4, 4.920647325628179E-5, 0.0, 0.0, 9.455430253594639E-6, 0.0, 9.248877495874256E-5, 1.0979665740080114E-4, 0.0, 0.0
0.0, 9.03471136104915E-5, 3.1791845164630665E-5, 0.0, 3.772386542045306E-6, 0.0, 0.0, 2.800036699089966E-4, 2.8692545893944525E-5, 1.356134474294471E-4
1.6102084934501058E-4, 2.18057702658812E-5, 4.133672638962448E-5, 1.5501708999885643E-4, 0.0, 1.5931889402593977E-4, 5.497004671376127E-5, 2.1973468606191497E-5, 1.577872991142272E-5, 0.0
1.2678634922370127E-4, 0.0, 7.863609148274558E-5, 4.312562451294998E-7, 0.0, 2.295325139978969E-5, 2.2291628997941738E-5, 3.815821817094349E-5, 0.0, 7.430542999313913E-6
1.2473683991689755E-5, 4.070954014503453E-6, 8.148589156209922E-4, 3.1313017447613322E-6, 1.0315294339555912E-4, 0.0, 0.0, 0.0, 9.653279721730251E-4, 0.0
0.0, 1.9634813692151593E-4, 0.0014797124809995284, 1.0083643825532795E-6, 1.2466749562855736E-5, 1.1297848378966486E-5, 2.008011967751328E-5, 1.5592175346509316E-4, 0.0, 0.0
1.1738776995518722E-5, 1.3135182314065832E-5, 2.155516181459974E-6, 6.69201666312149E-5, 4.514827596793389E-5, 0.004533247629060285, 2.637426503451554E-4, 4.476155519547371E-5, 3.1312135017926196E-5, 9.629469927506283E-5
0.0, 0.0, 4.1264547472340145E-6, 1.549268680629881E-5, 2.7092764258800404E-4, 0.0, 6.186370600717206E-6, 2.0274436535945032E-5, 3.1418644193095294E-5, 0.0
0.0, 0.0, 4.1014070135159505E-4, 1.202509878618653E-5, 2.1596682396984925E-5, 0.0, 0.0, 1.8045055654750598E-5, 1.2401264422797067E-4, 1.4426225724268662E-6
1.0500929955237562E-4, 2.063108423568538E-7, 8.054691354295668E-5, 1.265026710135394E-5, 1.731607582245025E-5, 0.0010675719571228242, 0.0, 1.3456149101308656E-5, 5.566824964809937E-4, 7.305080066523664E-5
0.0, 0.0022773730535682983, 6.657346381732241E-5, 2.7551650160166925E-6, 4.1347546975094583E-4, 1.1599662877571917E-4, 0.001015804020694054, 1.5878947974328277E-5, 5.586197974856229E-5, 2.4997937670142214E-6
8.044076174720016E-6, 1.0584578527246253E-4, 2.295970846680577E-6, 0.0, 2.1818826465327384E-4, 2.6791957768730034E-6, 4.734433773556767E-6, 3.501745110189724E-5, 0.0, 0.0
9.372766645447764E-6, 0.0, 1.5053462371612783E-5, 2.7030436271241417E-5, 0.0, 0.0, 0.0, 4.7228010933284535E-6, 0.0, 4.996631437639125E-6
3.54210081999634E-6, 6.327101665451336E-5, 1.4656309541257511E-5, 3.311130615031172E-5, 4.135811337347247E-5, 2.986746808826965E-6, 1.1052125507937268E-5, 0.0, 0.0012819317098858045, 5.4431828104286845E-5
0.0, 1.2357194312761503E-5, 0.0, 3.1093850569172933E-6, 6.698875677028502E-5, 2.347572285920713E-5, 7.876124316746215E-6, 4.3106792768404444E-7, 2.3380299021719068E-5, 0.0
7.244866758720619E-4, 3.4432403351010684E-5, 0.0, 4.549623655131247E-6, 0.0, 0.0, 1.2140489747356409E-5, 0.0, 4.3279551277612356E-6, 3.373754120799676E-5
0.0, 5.599830236725455E-5, 0.0, 2.850403103303066E-4, 0.0, 0.0, 1.0899762066169531E-4, 0.0, 6.182508958370568E-4, 0.0
3.268722671435515E-7, 3.265772661400608E-5, 2.330484167049105E-5, 0.0, 1.0485652750442393E-4, 0.0035475465537688107, 0.0, 2.663620274293697E-5, 0.0, 4.21177558801216E-5
1.0702818408847663E-6, 0.0, 2.946494115243379E-4, 0.0, 5.1373528362468785E-5, 4.98441794267766E-5, 2.8960711453293055E-5, 0.0, 3.0978632709364665E-6, 0.0
0.0, 2.7054630061752194E-6, 4.071302246217838E-4, 6.090969635512361E-5, 4.6023542883126435E-7, 4.210151879081001E-5, 1.4993456245791033E-4, 0.0, 0.0, 0.0
1.654691602256264E-4, 0.0, 0.0, 2.64763896795033E-6, 0.0, 2.6253747722487387E-6, 1.3939905069246479E-5, 3.1224922484129934E-6, 9.197626331100922E-5, 4.070954014503453E-6
0.0, 1.96115603611142E-4, 2.02548875043548E-5, 9.190229834971994E-4, 5.866301572123696E-6, 7.509794023038379E-5, 8.166574792700249E-5, 2.922086223459239E-6, 0.0, 7.152821739517589E-5
0.0, 7.476669054216318E-7, 0.0, 0.0, 7.960638494566222E-5, 2.5495028469448456E-4, 1.340461011351024E-5, 9.005999157503305E-5, 0.0, 2.524078658704601E-5
6.560954075196032E-6, 0.0, 1.6684228624383137E-4, 0.002621852234097508, 0.0, 5.19965182078314E-4, 3.1093850569172933E-6, 0.0, 7.512383315723661E-5, 0.0
2.94779600662075E-6, 0.0, 3.854134255208324E-4, 0.0, 0.0, 1.0449277119008907E-6, 9.195757445345016E-7, 2.5217000335868983E-5, 0.0, 4.254051984515251E-5
3.576096529363259E-5, 2.3196875062540596E-5, 8.210403073318078E-7, 3.78822747699883E-7, 3.868362777494206E-5, 3.1642365330093157E-6, 5.8025002973781405E-6, 6.760306958096136E-5, 1.7436226131114143E-5, 9.404745446457374E-7
0.0, 2.3868911935649413E-5, 1.6063839226977457E-5, 0.0, 1.1762461137860983E-4, 1.3284989438044946E-4, 0.0015166835187057635, 0.0, 1.4426225724268662E-6, 9.455430253594639E-6
0.0016522678955791137, 1.2080475294219976E-6, 3.66605199194935E-6, 0.0, 9.647274775244572E-5, 0.0, 0.0, 2.3974083579757852E-5, 6.499433156579701E-6, 0.0
5.750910800498029E-6, 6.469798494632801E-4, 2.0243930156600603E-5, 6.596407596422988E-6, 1.5645288198770532E-4, 9.223124679352306E-5, 1.491747921723918E-4, 8.74990156360741E-5, 0.0036280418468981265, 6.050417262704796E-5
3.4491009702752164E-5, 0.0, 0.0, 0.0, 0.0, 2.485475502532078E-4, 0.0, 3.580180122839958E-5, 0.0, 4.192362354263004E-6
4.5257421551584144E-5, 0.0, 2.6927769365726748E-5, 3.406269124781857E-5, 0.0, 3.829656862745098E-5, 0.0, 0.0, 1.568177962537654E-5, 6.151858198263997E-4
0.0, 0.001229985501620174, 7.876124316746215E-6, 7.81093083978665E-5, 1.3462012220814695E-5, 1.2080475294219976E-6, 0.0, 4.959760105620944E-5, 2.3743494282566577E-5, 8.771022089011848E-4
4.476061352477746E-6, 4.4348710361677036E-7, 9.217864220860026E-6, 3.655281182504964E-5, 2.280066826685902E-5, 2.2596606056558304E-4, 0.0, 2.8612079134198485E-5, 3.4312689735629755E-5, 0.0
1.0578446137614449E-4, 3.5974183127478564E-6, 5.1265500531879566E-5, 3.6110012764889512E-6, 1.4518187549466324E-5, 6.130990062443647E-5, 2.0704019478341524E-5, 5.8873197976621144E-5, 8.860165737217908E-4, 6.153427061320284E-5
1.4790586425622367E-5, 2.5756149023017754E-5, 3.6093208764158144E-4, 0.0, 0.0, 0.0, 7.96160119742482E-6, 6.133101348412353E-5, 1.0746008906082503E-4, 2.0262115891562318E-5
4.546935041001291E-5, 1.5188491463040006E-4, 0.0, 4.840103716508211E-5, 0.0, 1.4307277396647806E-5, 0.0, 2.6396458742908822E-5, 0.0016216119892367732, 2.289389211592327E-5
2.0315234394272266E-5, 6.966401047746718E-6, 3.313707149624421E-5, 0.0, 0.0, 2.020504500887673E-4, 0.0, 3.186613391211674E-5, 1.0325605048188308E-5, 1.5343878995380445E-5
6.077305760191945E-6, 2.3622739358779968E-4, 2.4918237034729793E-5, 4.1264547472340145E-6, 0.0, 3.460861648062317E-5, 1.1276613780644198E-5, 0.0, 2.843860564654739E-4, 0.0
0.0, 5.369455379299381E-5, 6.227076574360635E-6, 0.0, 0.0, 0.0, 1.0126454095517779E-5, 1.5751575157515753E-5, 4.522446201475598E-4, 1.423105764125693E-4
1.489442481235945E-4, 3.287206645144909E-4, 0.0, 3.105072495548519E-4, 0.0, 5.6233797637055825E-6, 1.0785988628840494E-4, 6.110086653248917E-6, 0.0, 3.679017947475887E-6
7.469102972897618E-5, 1.077708888140705E-4, 5.8926915252847704E-5, 1.29286063885785E-4, 0.0, 2.621633530376994E-4, 0.0, 1.0433478423892665E-4, 0.0, 1.7702141355621938E-4
7.559471781909239E-4, 9.170890371176503E-5, 0.0, 0.0, 4.565507499530894E-7, 0.0, 1.612110171609128E-5, 8.471797454845133E-4, 1.0752182357012775E-5, 6.011628206559545E-6
1.39216434221627E-5, 0.0, 0.0, 8.67262447059048E-5, 1.5391547500816712E-5, 6.309618726948382E-5, 4.801702473445023E-4, 1.7897107737904016E-6, 5.957102170995606E-5, 0.0
0.0, 0.0, 2.7570387198517814E-6, 7.728752011218241E-4, 5.8505850585058506E-5, 8.499286233411215E-4, 7.686119380806223E-5, 0.0, 8.2354459082187E-6, 4.3155244853386194E-4
3.713961803759829E-6, 1.7354203354685372E-4, 4.8881947652322255E-6, 0.0, 6.07646625130644E-6, 1.5159950547195802E-5, 0.0, 1.018746981962066E-5, 3.891878331843279E-6, 1.29809646678638E-4
0.0, 0.0, 0.0, 3.7835276644063756E-5, 5.732622240838949E-4, 2.2168151637251006E-5, 0.0, 3.8370040672243114E-5, 1.230377839570087E-4, 2.3431978839985828E-5
0.0, 2.380834786529034E-4, 1.2283191088333087E-5, 2.0508052828744086E-5, 2.364806943073185E-6, 0.0, 8.2354459082187E-6, 0.0, 5.7842171500285706E-5, 0.0
6.541616076517085E-5, 2.760288284508434E-6, 4.4255189584806664E-7, 0.0, 7.15737169521431E-5, 0.0, 1.6291770804406184E-5, 3.4285500875963936E-5, 0.0, 0.00666370267980935
0.0, 0.0, 1.8726480314382692E-4, 2.704925127672466E-6, 0.0013029655495908688, 0.0, 0.0, 0.0, 4.7262411282113945E-5, 2.1741761042969735E-4
0.0, 0.0, 2.3979709476596726E-5, 1.4903129657228018E-5, 1.7805019125475153E-4, 0.0, 1.1504589372443824E-5, 0.003134925545518294, 3.66605199194935E-6, 0.0
4.3278677172805985E-6, 0.0, 4.336924129495244E-5, 0.0, 4.411865270458371E-6, 0.0, 1.3541060521221038E-4, 1.2928481028146688E-5, 8.343474259763873E-6, 6.170378463357414E-4
2.2544601581161831E-4, 0.0, 2.1131679106129974E-4, 0.009596161535385846, 6.367896539048231E-5, 2.6927769365726748E-5, 1.3083711968028166E-4, 0.002050564287176792, 3.2107529435567225E-4, 6.453687981988316E-4
0.0, 2.4987194063042693E-6, 5.681631127267475E-5, 1.8920029992839778E-4, 1.9133137808390797E-4, 4.268551262980804E-5, 0.0, 7.494713884613259E-6, 1.0939150368345503E-5, 6.0422492660216434E-5
0.0, 0.0, 0.0, 0.0, 0.0, 9.853907869140104E-6, 0.0, 0.0, 0.0, 0.0018182605307589072
2.3622547508396878E-4, 0.0, 3.303333559061126E-5, 3.261182148881859E-5, 1.966719337026994E-4, 1.8263101561661212E-5, 2.287214892310299E-5, 0.0, 2.1147610320033836E-5, 2.961383558398484E-5
9.600093607560938E-4, 1.8222105600746378E-5, 0.0, 0.0, 1.3272542039632726E-5, 4.686952901637401E-5, 0.0, 0.0, 3.5283928705079814E-4, 8.238242483305857E-5
0.0, 0.0, 0.0, 3.0736806638325087E-4, 5.146806298486538E-4, 3.635024185027578E-5, 5.223765812774429E-5, 0.0, 2.0089134440682998E-4, 1.572015897704302E-5
0.0, 6.102384101049301E-5, 7.424114414512065E-6, 0.0, 2.451877811486557E-6, 3.8370040672243114E-5, 0.0, 0.0, 6.840828720453618E-5, 0.0
0.0010701922940798126, 5.267601924223997E-5, 4.9453804233890694E-5, 0.001181708883616532, 9.377711468054939E-4, 0.0, 2.7570387198517814E-6, 0.0, 5.31679737938368E-4, 1.3350744929846008E-4
8.177119575338441E-5, 9.455430253594639E-6, 0.0, 8.479046529087391E-5, 2.639657689190866E-6, 7.993946829566488E-5, 4.417531006860496E-5, 2.6788524688974067E-5, 0.0, 0.0
8.364110646728718E-6, 0.0, 1.4426267347586486E-5, 2.8180921516133577E-5, 0.0, 0.0, 0.0020931449502878076, 5.716160944063048E-4, 4.222295408675973E-5, 0.0
1.4822708701788166E-5, 2.2128390030002948E-4, 1.1538723378722826E-6, 2.2489751627325877E-5, 0.0, 2.908875324910985E-5, 1.441944433229321E-5, 2.2510861490669247E-5, 0.0, 2.3856939235567058E-4
0.0, 3.8147970527967914E-5, 1.9546032041855782E-4, 9.888562085646073E-6, 1.2443136695176088E-4, 1.4795443743099313E-5, 9.644328510790869E-5, 5.0486068649834235E-5, 1.9717802397147015E-5, 3.050407371736471E-5
4.397590658799467E-5, 0.0, 2.329074476038162E-5, 0.0, 2.4594633790143318E-5, 3.402858719348432E-4, 0.0, 0.0, 2.323134000692294E-5, 2.806295901071886E-5
1.0171357366114804E-7, 0.0, 2.8071396790597205E-5, 1.1487449303957032E-4, 2.8997214196207577E-4, 1.7367442350969093E-4, 4.920986643708335E-4, 3.252510670908297E-5, 5.903501366660567E-6, 1.0032311614956094E-4
3.3513406232971275E-5, 7.567323958820304E-6, 0.002140206441807471, 0.0, 0.0, 1.3243710765506857E-5, 0.0, 0.0, 2.9346942488796805E-6, 0.0035319637283626466
8.233132829924366E-5, 9.817472517535814E-5, 7.101650660335151E-6, 9.696360771110016E-6, 0.00542472807878867, 2.844433274265351E-5, 0.0, 1.2774111134766872E-5, 5.938242280285036E-4, 0.0
0.0, 5.4109892272123564E-5, 1.3307415993494968E-5, 0.0, 5.819809508445616E-5, 4.6879918205704615E-5, 6.067913960091797E-5, 5.380652358848376E-4, 2.639657689190866E-6, 0.0
9.300013497364722E-5, 3.147560797759776E-6, 9.404745446457374E-7, 0.0, 7.15487091865339E-5, 1.6064095742010624E-5, 6.48527920708762E-5, 5.755931512202858E-4, 0.0, 2.760288284508434E-6
4.504733142146537E-4, 4.897671320542792E-5, 1.6928747552656542E-4, 3.7944037250116696E-5, 1.5091681967955328E-5, 8.746151693254968E-6, 9.560491691650342E-4, 7.279397848209996E-6, 1.5142921647770137E-5, 8.107691767179523E-6
9.021742399182029E-6, 1.1255430745334624E-5, 3.684662018619058E-4, 0.0, 3.7657620678552667E-6, 4.5160387114838345E-6, 3.7291198422582306E-5, 5.528306992037864E-5, 5.309137897131942E-4, 7.77544111373345E-6
1.5444376452084447E-5, 1.4956027173626836E-4, 0.0, 0.0, 1.5195836340842608E-5, 0.0, 3.457381292974169E-5, 1.0181832761550445E-4, 1.932375151311876E-5, 1.2929878038925399E-5
7.740583599023806E-6, 5.3770271717660973E-5, 3.322463545191657E-5, 0.0, 9.78639360503955E-4, 0.0, 3.36822643187192E-5, 0.0, 0.0, 0.0
3.650468321899624E-6, 0.0, 4.1240514681623226E-4, 5.733680642883887E-4, 5.2628716683829475E-5, 0.0, 2.1462122419946283E-5, 0.0, 1.549268680629881E-5, 3.540415166784533E-6
2.9291311498317766E-4, 2.727637238794639E-4, 0.0, 0.0035145755992384, 0.0, 4.3279551277612356E-6, 1.7743612541443433E-5, 8.596160954517713E-6, 5.912326422653546E-5, 5.7692546357805815E-5
2.175319907983968E-5, 1.290758385089159E-5, 0.0, 1.2298805428930758E-5, 9.193625252824694E-5, 2.7255779133702318E-6, 0.0, 5.264171940489589E-5, 1.3453020371236097E-5, 1.7069009293364352E-5
0.0, 9.364220074356968E-5, 5.641632861117601E-6, 9.235627170660998E-6, 1.9588763520802355E-5, 1.645316799297482E-5, 0.0, 9.344901629335515E-5, 8.680181340056881E-5, 0.0
0.0, 3.5462407631510124E-5, 8.06055085804564E-6, 0.0, 3.1224922484129934E-6, 2.464355483497354E-4, 2.085215504755878E-5, 0.0, 0.0, 0.0
1.219806609827067E-4, 0.0, 1.1909210980746209E-5, 3.4560460068844436E-4, 0.0, 0.0, 0.0, 1.1538723378722826E-6, 0.0, 0.0
0.0, 1.07095995115748E-4, 3.315613465343056E-4, 2.851993915746313E-5, 6.0213849486451135E-6, 0.0, 6.64428955907026E-6, 0.0, 2.934087813056691E-4, 0.0016594209855040664
0.0, 1.6482766090711727E-5, 1.8677658240765037E-5, 1.868631526588387E-4, 1.0558697680723166E-4, 1.1154338868814834E-4, 1.1667749174506745E-5, 1.4426225724268662E-6, 1.1568274550307294E-4, 8.319577592957061E-4
4.411865270458371E-6, 5.105011404859531E-5, 0.0, 2.1171908081106376E-4, 9.225727386640596E-5, 8.123890029373161E-5, 0.0, 4.4255189584806664E-7, 1.3526339506562173E-4, 0.0
3.111495246326707E-5, 9.940588416563671E-6, 0.0, 0.0, 5.8873197976621144E-5, 1.0752182357012775E-5, 2.141419332733736E-6, 8.724663148128806E-5, 3.0319901094391604E-5, 2.355878303404143E-6
1.464556362993956E-5, 0.0, 8.016776158951574E-6, 0.0, 1.8156052070914647E-4, 7.019311209827535E-4, 2.3324295168955364E-5, 0.0, 0.0, 2.978810867212697E-6
3.186613391211674E-5, 0.0, 4.374594324729418E-6, 4.690069373600577E-4, 7.106573889829566E-5, 0.0, 0.0, 0.0, 1.1791184026483E-5, 0.0
2.7349493951124315E-5, 2.71785138253981E-5, 1.530277095308882E-4, 8.147799435744314E-5, 1.9734333582126895E-5, 1.1608705368155579E-5, 1.1163629101225439E-4, 0.0, 4.402916491884224E-4, 0.0
5.971200898068615E-6, 2.101016270447549E-5, 2.2112728281953832E-4, 2.697599136768276E-5, 8.96692677159252E-6, 1.7897107737904016E-6, 3.3926892393590725E-5, 1.0702818408847663E-6, 1.4903129657228018E-5, 1.4440250297671826E-4
0.0, 1.5000432704789562E-4, 0.0, 0.0, 3.206291976413582E-4, 5.828365409788243E-4, 1.3730663529034015E-4, 3.588453218770768E-6, 5.270507744521016E-4, 0.0
0.0, 1.2011695695701245E-5, 2.6779163169163853E-4, 0.0, 0.0, 1.2186693175625918E-5, 0.0, 2.6485246100502413E-4, 5.545788805270718E-6, 8.425575835448504E-5
1.0335454398252619E-5, 5.0630933764612446E-6, 7.242946798005435E-5, 5.23133759547845E-6, 6.459215793787383E-6, 2.364806943073185E-6, 0.0, 0.0, 1.3576736388689313E-4, 1.7572465854625687E-4
9.089467170889708E-6, 0.0, 9.247015525739068E-6, 1.0198516658300507E-4, 8.465074318257793E-5, 5.674456434360725E-6, 1.0899202360040618E-5, 5.2259338063023E-4, 1.2658067619397223E-5, 0.0
1.278271846988215E-4, 3.586855711042904E-5, 1.9919835835257687E-4, 2.8754158002584848E-5, 3.179950201979837E-6, 3.199273125145967E-6, 1.191284562143359E-6, 2.2064254947669344E-5, 8.285259103724342E-6, 0.0011991447690833156
1.5215312281510529E-4, 3.363449139474474E-5, 9.201197751291093E-4, 1.368784498144183E-4, 9.217864220860026E-6, 1.0023565931060023E-4, 0.0, 4.051778066503056E-4, 3.5082703087190164E-6, 4.430952926955352E-5
0.0, 0.0, 0.0, 2.391634404515064E-5, 3.9828895066793055E-5, 0.0, 0.0016546323833904304, 0.0010514438413054433, 4.435903850896851E-7, 2.2990905689193453E-4
9.193625252824694E-5, 9.030680865527775E-6, 2.524078658704601E-5, 2.5710245532844837E-6, 2.785471352819872E-6, 0.0, 5.02466565524172E-4, 0.0, 2.587680361954429E-4, 6.157903367770738E-5
9.066154368503817E-6, 0.0, 0.0, 8.159376188492469E-6, 0.0026746582052438557, 3.9471537512872105E-5, 1.1066475522836721E-4, 1.998796188155867E-4, 1.1543286632273829E-5, 5.266998325499686E-6
2.1984832196873306E-4, 0.0, 1.906366843962294E-4, 0.0, 4.3625004138532757E-4, 2.086730610468693E-5, 1.4426225724268662E-6, 0.0, 8.617458108381771E-7, 2.7551650160166925E-6
2.9020901746388572E-5, 4.778094665735115E-6, 4.569882645413666E-6, 2.524078658704601E-5, 1.018746981962066E-5, 1.1745124769363897E-4, 2.70908072726571E-5, 4.317863089556978E-4, 2.7928592175525617E-5, 1.7917312656051887E-4
1.3889664087421376E-4, 1.7892804090607239E-4, 1.2184296182834068E-5, 0.0, 0.0016108409286892719, 0.0, 1.9944535197355923E-5, 1.598647298439782E-5, 0.0, 0.0
0.0, 0.0, 0.0, 4.526254027921088E-5, 1.5213907540012577E-5, 0.0, 7.450516518014253E-6, 1.5204359258736804E-5, 6.2743804497475906E-6, 6.107097243574935E-5
0.0, 0.0, 0.0, 7.303324688201737E-5, 3.6265036041866587E-5, 3.610432924968392E-5, 0.0, 0.0, 2.2291076881924166E-6, 0.0
1.608900991910446E-5, 0.0, 6.87684127425118E-6, 0.0, 0.0, 5.574958597733943E-5, 1.0817604253141664E-4, 5.8025002973781405E-6, 7.375074743545958E-5, 0.0
2.3107667342020946E-5, 1.2012414944169468E-5, 6.816932986105852E-5, 2.7111672264592798E-5, 0.0, 0.0, 1.0234588371713919E-4, 1.8368880177957711E-6, 1.4389097175511583E-4, 9.238846622387661E-6
2.364806943073185E-6, 0.0, 0.0, 2.2291076881924166E-6, 0.0, 0.0, 0.0, 2.785129471680096E-4, 2.620035990348043E-5, 4.43888878760472E-5
1.8126523131457575E-5, 5.752294686221912E-6, 0.0722041259500543, 0.0, 4.168604702186104E-5, 5.635573780705381E-4, 1.2287238780983041E-5, 0.0, 0.0, 1.7880026085049914E-4
1.1881981772685274E-4, 6.410223537315194E-5, 6.412988363620484E-4, 0.0, 5.657676618519838E-6, 1.7286906464870847E-5, 0.0, 9.942563617719276E-6, 4.569882645413666E-6, 3.0009482996626935E-6
1.3626217297552936E-4, 0.0, 8.49601382820233E-5, 1.331146245738185E-5, 0.0, 0.0, 1.833347818510673E-4, 1.0690223399595337E-4, 4.7359394965514164E-5, 4.609693416973659E-6
0.0, 0.0, 0.0, 4.119803897334487E-4, 1.3399053726668094E-6, 1.776655296072772E-5, 0.0, 1.8863662191377834E-5, 8.939893656526535E-6, 6.820195605446094E-4
0.0, 0.0, 8.578195723337644E-4, 0.0, 9.672703955483826E-5, 3.6874448035605965E-6, 0.0, 6.30129534195597E-5, 0.0, 9.075597901929647E-4
2.524078658704601E-5, 7.39830921233353E-5, 6.343178651397931E-6, 0.0, 4.1783771183272417E-4, 1.194204069721764E-4, 2.0274436535945032E-5, 0.0, 0.0, 6.363890686296493E-5
5.128848433055134E-5, 5.670242097805011E-4, 2.997340541483193E-5, 2.70908072726571E-5, 0.0, 5.111892912534442E-4, 1.6735298294013833E-5, 7.790696869178618E-5, 4.95500033859169E-6, 0.0
0.0, 7.823295926125328E-6, 0.0, 1.1018686427742025E-5, 2.524078658704601E-5, 0.0, 2.323134000692294E-5, 0.001250846927607234, 0.0, 1.6753119745017518E-5
3.841411180811383E-6, 9.423629856572354E-6, 0.0, 1.5589954034780684E-4, 0.0, 1.0013618521188816E-5, 3.5790845313754375E-4, 8.464270346432743E-5, 1.3827918013352237E-5, 4.628793875179944E-6
2.740717190874508E-5, 3.668579632045883E-5, 2.570778678578627E-6, 5.839651231864359E-5, 8.110250250373256E-5, 0.0, 0.0, 3.1093850569172933E-6, 6.015067196502949E-6, 0.0
7.722807020119674E-4, 1.524633503516313E-5, 6.611808863866031E-4, 0.0, 0.0, 0.0, 0.0, 0.0, 2.5629174130795396E-5, 3.211660468608026E-4
0.0, 0.0, 0.0, 0.0, 2.3397737555767047E-6, 0.0, 2.881462399797145E-6, 8.897660004395444E-7, 2.804795577149019E-5, 3.5508253301675754E-6
0.0, 1.1828331482418499E-5, 0.0, 3.6253557380317944E-6, 3.3893261027709805E-5, 1.6696623191442648E-5, 1.780018972908111E-5, 1.4790586425622367E-5, 0.0, 1.2622983929138175E-5
0.0, 2.384064352908839E-5, 1.390629286348808E-4, 8.01885274484802E-5, 1.596840385157901E-5, 1.0335454398252619E-5, 4.544621990737234E-5, 5.2103925877568034E-5, 1.3068434425079057E-6, 1.4231077114649116E-4
6.7636575154380485E-6, 0.0, 5.264490950047585E-6, 1.2357194312761503E-5, 1.2080475294219976E-6, 0.0011606471529025965, 0.0, 1.0961306587745259E-4, 5.6499941616727E-6, 7.35263315651489E-6
0.0, 9.638969560134129E-5, 1.1156677038129109E-4, 1.157330356365573E-4, 2.0199399145565416E-5, 2.3695657101176334E-5, 0.0011850499390669655, 6.266485893468844E-6, 4.243056698045272E-5, 2.6555111593430618E-5
0.0, 4.373683667429366E-5, 5.649398339076888E-6, 7.3680836719581785E-6, 8.506579271961578E-6, 0.0, 5.674316694289166E-4, 0.0, 2.0604919218414203E-5, 0.0
4.817490702912039E-4, 7.449734982575898E-5, 0.002596944096392327, 5.826749753528485E-5, 1.1087719103724227E-5, 0.0, 1.689373250970756E-5, 0.0, 3.97780599272599E-5, 0.0
0.0, 0.0, 0.0, 4.663274747876369E-5, 5.1161927551557466E-5, 0.0, 0.0, 5.872715237098921E-5, 0.0, 0.0
1.234661702693462E-5, 7.499812504687383E-5, 1.134223400222666E-4, 3.009579313922137E-5, 7.420106927646147E-6, 2.964541740357633E-5, 6.145324172929989E-4, 0.0, 5.649398339076888E-6, 4.540394069882113E-6
0.0, 1.1187947447973248E-5, 0.0, 7.790696869178618E-5, 4.965838961284156E-4, 2.7332964623029303E-5, 2.792792361473509E-4, 2.910887581330103E-4, 6.73986082572414E-4, 0.0
0.0, 8.286747780335416E-5, 0.0035189226315194616, 0.0, 1.5447501237945585E-5, 0.0, 6.990296912365352E-4, 0.0, 0.0, 1.1852994561775331E-4
0.0, 6.319987901852973E-4, 1.907168392950898E-4, 0.0, 0.0015351218980503851, 0.0, 1.3957383455848144E-4, 4.315081497505883E-5, 0.0, 0.0
0.001859729699205662, 4.565507499530894E-7, 0.0, 7.626227686474886E-5, 4.476155519547371E-5, 2.524078658704601E-5, 2.1290185224611454E-6, 2.1635165179334913E-5, 2.7263333814985563E-6, 0.0
1.0562048868487705E-5, 1.2171489525475322E-4, 1.3761845092751855E-4, 2.3165738954597316E-4, 1.500041751791832E-4, 0.0, 5.754240498481634E-5, 1.120865846449065E-4, 2.3774993461876797E-6, 1.351643598615917E-5
6.54443672536523E-5, 4.258037044922291E-6, 0.0, 3.258335753811322E-5, 0.0, 0.0, 3.5034228928249415E-5, 0.0, 1.3456149101308656E-5, 8.747918515643937E-5
0.0, 0.0, 1.3425536937567897E-5, 2.0264810410033107E-4, 1.2906056812462088E-5, 1.3462012220814695E-5, 1.9196887544632763E-5, 1.8807952002106492E-5, 1.5550385645208151E-4, 5.089033859038609E-5
0.006474063710265368, 9.637971504899156E-6, 1.2287238780983041E-5, 2.8372282171803624E-6, 1.0221664086913349E-4, 9.552566109987415E-5, 9.761404648380894E-6, 4.695947247841794E-7, 5.29527793590066E-6, 7.398945206371379E-6
3.381516707413295E-5, 7.429739325033802E-5, 0.0, 4.086354662893902E-6, 0.0, 0.0, 1.8987477150035623E-4, 2.0343913863868702E-5, 0.0, 0.0
0.0, 1.6138821138673388E-4, 1.4810700731278348E-5, 2.8610977895975935E-5, 0.0, 1.5195836340842608E-5, 0.0, 7.844119906088453E-5, 0.0, 4.639729633674787E-5
0.0, 2.2469728781385715E-6, 0.0, 1.5363107034766712E-5, 6.26792989561486E-5, 0.0, 7.480977913432843E-5, 1.568239320290229E-5, 2.0902301512874688E-4, 0.0
5.260340853095601E-4, 0.0, 2.593610824990552E-5, 9.218799181397516E-4, 7.648019043567419E-5, 6.469798494632801E-4, 2.922086223459239E-6, 3.406269124781857E-5, 1.855974603197049E-5, 0.0
2.217151273622986E-5, 1.6112309804690783E-4, 1.2160589267411358E-4, 1.6305695751164784E-5, 1.5700639055261147E-6, 4.341747640260157E-5, 2.401999033968309E-5, 3.6241425882659926E-6, 4.832571608207286E-4, 0.0
3.696311081540623E-5, 8.589557438343997E-4, 0.001135175925162958, 1.9688672860395004E-5, 1.9196887544632763E-5, 9.942563617719276E-6, 7.183709078823465E-5, 0.0, 3.501745110189724E-5, 1.7861305179153356E-6
0.0, 0.002429595882376609, 0.0, 9.344901629335515E-5, 5.491179550588945E-6, 0.0, 6.666500004166563E-5, 4.530101619239522E-6, 3.190457397250674E-4, 6.266069714501338E-5
0.0, 2.1780956183976478E-5, 1.4808119464984566E-4, 4.105201536659039E-7, 1.6847795244310765E-5, 6.320303374561979E-4, 1.6428238170025693E-5, 1.5019588046076757E-4, 0.0, 0.0
0.003192501635911742, 3.1328620234465515E-5, 0.0, 1.568239320290229E-5, 1.1786950662842638E-4, 0.0, 7.942916903850991E-6, 7.733617105523659E-5, 3.996213872799371E-6, 2.942392569016414E-4
2.172510947418446E-5, 1.5622656601509773E-5, 0.001014710703376645, 1.1828331482418499E-5, 1.2175442914348802E-5, 1.9649977753418043E-5, 0.0, 0.0, 8.952122704955492E-6, 7.153638698323903E-6
0.0, 7.270259790616518E-5, 2.5346293738198134E-5, 0.0, 6.308805957531642E-6, 0.0, 1.1620644074197813E-4, 5.105011404859531E-5, 1.004204748740799E-4, 8.537986277127511E-5
1.0458579666778032E-4, 2.7191503619978563E-5, 4.2531126125410114E-5, 0.0, 0.0, 8.477003453350144E-5, 0.0, 0.0, 3.664669780917418E-5, 8.368519152497242E-5
1.2283191088333087E-5, 0.0, 4.324802474678727E-5, 0.0, 6.0762153410716875E-5, 6.681123876388073E-5, 5.238359125359448E-5, 0.0, 0.0, 8.757796086489357E-5
4.1467797409482305E-4, 6.717916501744842E-5, 1.351643598615917E-5, 1.9029535954193793E-5, 2.760288284508434E-6, 1.2885473907906528E-4, 0.0, 0.0, 0.0, 3.636223027627859E-4
2.051115870900851E-5, 0.0, 2.4200518582541054E-5, 2.9021081475281995E-5, 0.0, 7.705087765765332E-5, 0.0, 3.298203798211494E-6, 8.911929487074985E-5, 0.0
1.8677658240765037E-5, 3.4030736561262132E-6, 8.362512528835735E-6, 0.0, 0.0, 8.005302712516771E-4, 6.876914199033844E-5, 0.0, 1.7014909607039158E-4, 0.0
2.356520151643458E-5, 1.423105764125693E-4, 4.537812947028597E-5, 3.740026432144701E-5, 1.2658067619397223E-5, 0.0, 7.352996628933853E-4, 0.001055494242914952, 1.855146052729466E-4, 9.623204295042288E-5
1.0937859360413108E-4, 1.822939875391932E-5, 0.0, 1.018746981962066E-5, 1.7493221376716522E-5, 9.696360771110016E-6, 0.0, 3.621876131836291E-4, 1.3413461520036453E-5, 7.499812504687383E-5
1.7038336683496284E-6, 0.0, 0.0, 7.632817383147926E-6, 0.0, 5.979494604573886E-5, 2.4176166892915295E-6, 0.0, 3.387786741695616E-4, 2.8033016664071016E-5
9.269455954238994E-4, 7.73517379628167E-5, 1.8126778690158972E-6, 0.0, 4.315081497505883E-5, 6.061506102421268E-6, 4.530327054764684E-5, 2.792288523053317E-5, 1.8022708612852194E-4, 1.5250302314816475E-5
0.0, 2.9474966630127063E-4, 2.260168952149511E-6, 4.5030001238325036E-5, 1.4790586425622367E-5, 0.0, 0.0, 0.0, 0.0, 0.0
1.2443160033814287E-5, 1.174749669547269E-4, 6.018260158865234E-5, 3.7657620678552667E-6, 7.831563213581274E-6, 0.0, 1.1738888782413707E-4, 3.5604532128671244E-4, 2.2230949928490444E-5, 9.027299917562016E-5
8.74990156360741E-5, 0.0, 1.3627889566851159E-6, 6.325936116892682E-5, 5.754471355026295E-6, 0.0, 2.0571845886016546E-5, 0.0, 0.0, 4.462951966096319E-4
1.851144205455851E-5, 0.0, 0.001421752818117193, 0.0, 7.268825392430037E-6, 2.4997937670142214E-6, 2.8877189785771925E-5, 0.0, 1.9196887544632763E-5, 0.0
8.120266561283651E-6, 1.4426225724268662E-6, 2.7025330580817945E-5, 0.0, 1.4828714093837242E-4, 0.0, 5.903501366660567E-6, 0.0, 8.411865084685936E-4, 5.083050486169183E-5
9.995435712541884E-5, 0.0, 1.283898637794156E-4, 4.3025279502971974E-6, 5.649398339076888E-6, 0.0, 8.617458108381771E-7, 5.0630933764612446E-6, 0.0, 2.0832166346237087E-4
0.0, 2.4248250120699995E-4, 1.7678930058295467E-5, 6.729486812816424E-5, 1.802029084749428E-5, 0.0026399373014890895, 1.125112511251125E-5, 1.2706749401723882E-5, 4.142858508634673E-5, 5.8043526840777896E-6
3.1992506075376905E-5, 1.3627889566851159E-6, 0.0, 1.364522062502388E-6, 0.0, 0.0, 2.838063744742716E-5, 0.0, 0.0, 1.8736784711533148E-6
8.271116159555345E-6, 0.00305242750484676, 5.145175967663429E-4, 0.0, 2.358232575715603E-4, 4.302010712006673E-5, 2.5906249170190458E-5, 1.2120066977354742E-4, 2.6185317492428533E-4, 2.4610841075493757E-5
2.2914043008742165E-6, 1.0171956931934351E-5, 3.387786741695616E-4, 0.0, 2.764026744722782E-6, 0.0, 1.1351724309185496E-4, 7.260363954741726E-5, 0.0, 2.3614005466642268E-6
4.5518498945563974E-6, 2.6788524688974067E-5, 6.85065235337035E-6, 0.0, 0.0, 0.0, 0.0, 7.821911482830335E-4, 1.2077162086494439E-4, 0.0
2.6253747722487387E-6, 1.8964279425111416E-5, 0.0, 2.168841934799792E-5, 0.0, 0.0, 0.0, 7.8870196386789E-5, 2.0625281798908298E-5, 0.0
0.0, 0.0015698587127158557, 2.2984331581161122E-6, 6.585573917451618E-5, 0.0, 2.838063744742716E-5, 1.1698868777883524E-6, 0.0, 5.003651787971572E-5, 0.0
0.0, 2.978810867212697E-6, 1.085637325440272E-4, 3.5096606333650567E-6, 8.403242413198929E-5, 1.8661538475893493E-5, 3.2961961895972045E-5, 1.3872278896037594E-5, 2.7922388170835374E-5, 2.106399150986691E-5
0.0, 0.0, 1.9590685282171172E-5, 0.0, 0.002408031600133981, 4.205218002706479E-6, 5.023834506279076E-6, 1.7823527055713543E-4, 3.6840418359790892E-6, 3.84209342171302E-5
