0.2711864406779661, 0.09886621315192744, 0.22701005025125628, 0.16200698951572642, 0.3308622707764339, 0.30154746967795903, 0.20300664596453552, 0.18397371804027995, 0.08088851634534787, 0.6788990825688074
0.21311475409836064, 0.4180790960451977, 0.08333333333333333, 0.07331378299120235, 0.21782178217821782, 0.21951219512195122, 0.059782608695652176, 0.26294277929155313, 0.30935251798561153, 0.2491349480968858
0.171875, 0.18359655419956927, 0.1781677968355272, 0.464, 0.14749430523917995, 0.09, 0.06647278770253427, 0.11413043478260869, 0.15536105032822758, 0.18968938411050904
0.2909090909090909, 0.15577651515151514, 0.10892018779342723, 0.22087976539589443, 0.12235817575083426, 0.24390243902439024, 0.16269551235199534, 0.20966183574879227, 0.08791208791208792, 0.05598570577724836
0.07699470692021172, 0.04736275565123789, 0.13636363636363635, 0.17862588952897324, 0.08870967741935484, 0.15698924731182795, 0.05992808629644426, 0.165352390340069, 0.1921971706454465, 0.13856427378964942
0.1945630195461694, 0.17048853439680958, 0.07496977025392987, 0.21202003338898165, 0.14034921237426456, 0.15370234297247776, 0.15620113570899513, 0.21311475409836064, 0.3333333333333333, 0.10714285714285714
0.07835820895522388, 0.08332257148022833, 0.08633093525179857, 0.07894736842105263, 0.06630223946393934, 0.20833333333333334, 0.21621621621621623, 0.2857142857142857, 0.0, 0.3375
0.1313115274690378, 0.008130081300813009, 0.1395740584767176, 0.13648596693579393, 0.13118274322246895, 0.14509331727874775, 0.05079962370649106, 0.008797653958944282, 0.11395007342143906, 0.12416851441241686
0.2157676348547718, 0.10002268088001814, 0.14980544747081712, 0.1233931240657698, 0.12754508435136708, 0.14334203655352482, 0.09985096870342772, 0.10411870043489384, 0.0850480109739369, 0.08238636363636363
0.07378335949764521, 0.13376168224299065, 0.027600849256900213, 0.07925801011804384, 0.09473684210526316, 0.07451403887688984, 0.1251632158179444, 0.1249671829876608, 0.18442622950819673, 0.07017543859649122
0.006369426751592357, 0.12172367836517103, 0.06896551724137931, 0.21621621621621623, 0.1269729919326552, 0.03262955854126679, 0.0, 0.09628851540616247, 0.12120504437178889, 0.11343283582089553
0.1398052464228935, 0.10726950354609929, 0.0569469290399523, 0.02882882882882883, 0.16022799240025332, 0.011661807580174927, 0.09852216748768473, 0.12, 0.134440855253038, 0.1267966135065958
0.14609571788413098, 0.08888888888888889, 0.1328400281888654, 0.12364760432766615, 0.11428571428571428, 0.10545454545454545, 0.12336554860716316, 0.0, 0.05829596412556054, 0.07010014306151645
0.13253012048192772, 0.0830842797369994, 0.10874790687624912, 0.04849279161205767, 0.1436848203939745, 0.125, 0.10014817397367733, 0.09043927648578812, 0.0, 0.10508692852543464
0.00980392156862745, 0.12447257383966245, 0.07409353652128219, 0.1228813559322034, 0.10090702947845805, 0.01662971175166297, 0.009107468123861567, 0.11857707509881422, 0.24053724053724054, 0.12395041983206717
0.27218934911242604, 0.11627906976744186, 0.06086387434554974, 0.0, 0.02346805736636245, 0.06631299734748011, 0.10354988559938987, 0.1, 0.09044306114976199, 0.14463953541127897
0.1182705425543079, 0.07142857142857142, 0.048554913294797684, 0.08035714285714286, 0.14683763979946007, 0.06576305220883534, 0.13061158100195186, 0.20586340206185566, 0.1439572192513369, 0.11971830985915492
0.05465587044534413, 0.08950201884253028, 0.10725075528700906, 0.13454545454545455, 0.10526018419119725, 0.056, 0.04825737265415549, 0.09755091943596933, 0.09544468546637744, 0.11433852653815685
0.14342629482071714, 0.16414518076567938, 0.16474654377880185, 0.0, 0.11171600317568334, 0.0, 0.05919566199728875, 0.0, 0.06528189910979229, 0.06926159129937035
0.05642476697736352, 0.12936827956989247, 0.002028397565922921, 0.010380622837370242, 0.15716728412653178, 0.0, 0.08095238095238096, 0.08227848101265822, 0.0922399559713814, 0.07872115819635048
0.08588261953319737, 0.04119850187265917, 0.0513530135301353, 0.0866176228984502, 0.06855277475516866, 0.06440677966101695, 0.023121387283236993, 0.1330603889457523, 0.13997054386090954, 0.0790616854908775
0.17529330572808835, 0.042435186379466014, 0.0, 0.0, 0.0641025641025641, 0.1844713656387665, 0.11122156599029297, 0.06362007168458782, 0.05591780280576961, 0.0
0.053934010152284266, 0.0, 0.044897959183673466, 0.058720420683610865, 0.08782800954209577, 0.21436840751222022, 0.13815789473684212, 0.05063291139240506, 0.02726560103609284, 0.03337041156840934
0.0, 0.0, 0.13385570367355246, 0.026607538802660754, 0.04880066170388751, 0.17089984374521278, 0.08309990662931839, 0.0, 0.08245877061469266, 0.12497931354052891
0.25, 0.04595588235294118, 0.044553483807654566, 0.046511627906976744, 0.05335628227194492, 0.04512635379061372, 0.07368421052631578, 0.07283464566929133, 0.09741998060135791, 0.12262210796915167
0.15769944341372913, 0.11673453558270312, 0.11002050981541166, 0.057709648331830475, 0.10431654676258993, 0.0, 0.06993865030674846, 0.05709240729841083, 0.05017921146953405, 0.09152542372881356
0.06451612903225806, 0.1958762886597938, 0.12248230811105063, 0.06926406926406926, 0.112, 0.08376963350785341, 0.10457107075767064, 0.004662004662004662, 0.07857142857142857, 0.01737193763919822
0.1218634306869601, 0.15435809813103826, 0.13665943600867678, 0.006369426751592357, 0.1129111624209849, 0.13454627133872418, 0.08060109289617487, 0.0, 0.0, 0.18489583333333334
0.1427716974994491, 0.013631678691358846, 0.138442521631644, 0.11538461538461539, 0.1024390243902439, 0.08145948239287229, 0.08606397291784211, 0.163485000717669, 0.06616541353383458, 0.05041518386714116
0.0490506329113924, 0.018627112797516384, 0.1231958762886598, 0.11929307805596466, 0.09580318379160636, 0.0722533817222039, 0.036630981555526895, 0.1540821771611526, 0.19140164899882214, 0.08997050147492626
0.09687249398556536, 0.0594059405940594, 0.07340324118207817, 0.04963235294117647, 0.001066585403016913, 0.049843014128728415, 0.11601443241742992, 0.10046082949308756, 0.06930693069306931, 0.08904577544978365
0.14513799743260591, 0.06598407281001138, 0.12048192771084337, 0.0, 0.13421019026944195, 0.1699942954934398, 0.0056179775280898875, 0.125, 0.02066115702479339, 0.0
0.12149532710280374, 0.0, 0.06547619047619048, 0.023715415019762844, 0.0, 0.11564625850340136, 0.11737734983952315, 0.0, 0.047696038803556995, 0.15402196497476997
0.11617458279845956, 0.15082956259426847, 0.12171573282684393, 0.0930419089633046, 0.07692307692307693, 0.06692913385826772, 0.09333333333333334, 0.20270270270270271, 0.1388694880142054, 0.008676789587852495
0.04758418740849195, 0.0, 0.09865263935031376, 0.18274559638532953, 0.0, 0.07181719260065289, 0.1564786795048143, 0.002280873248615184, 0.11703083590204397, 0.15369649805447472
0.0, 0.17219610476830088, 0.10442414472505822, 0.08108108108108109, 0.058823529411764705, 0.0, 0.06970509383378017, 0.06435643564356436, 0.1291180942726812, 0.0
0.06060606060606061, 0.1541501976284585, 0.06993006993006994, 0.14737754659731253, 0.08892355694227769, 0.0, 0.10168995775105623, 0.0, 0.09274296948457134, 0.09130580731789191
0.13459454658495426, 0.13715836012861737, 0.087248322147651, 0.0, 0.013740458015267175, 0.09005895507216914, 0.1044846763696604, 0.1173272871308766, 0.09904474610356963, 0.0
0.2, 0.0, 0.15288749016522424, 0.0, 0.10408921933085502, 0.14511076303423584, 0.15582124656997257, 0.1676390509529366, 0.23668639053254437, 0.08135593220338982
0.11292403430219322, 0.13778653250191336, 0.021897810218978103, 0.07215562090024881, 0.06970509383378017, 0.15965531685715995, 0.07768651608487337, 0.11980136561142148, 0.13105316627158822, 0.10759103641456583
0.11049723756906077, 0.08906882591093117, 0.031858812743525096, 0.06451612903225806, 0.0, 0.14047491995731057, 0.0, 0.15873015873015872, 0.0681308830121022, 0.02804953560371517
0.21893491124260356, 0.0, 0.2292456805731142, 0.1031390134529148, 0.012746234067207415, 0.11611424691253236, 0.0, 0.09463667820069205, 0.06748466257668712, 0.12252824858757062
0.11168137024158403, 0.12741935483870967, 0.11107540456788706, 0.0311284046692607, 0.09271671134941913, 0.116436630851147, 0.10832539934412355, 0.014629049111807733, 0.10876447554777972, 0.07612965417520183
0.047491039426523295, 0.05417463352453792, 0.11596134621792736, 0.08246388443017656, 0.11473291211947156, 0.07357859531772576, 0.024454725710508923, 0.0, 0.07099697885196375, 0.060064935064935064
0.06321839080459771, 0.10886075949367088, 0.07936507936507936, 0.058333333333333334, 0.08281893004115226, 0.07734806629834254, 0.14754098360655737, 0.08304891922639362, 0.09220149560358287, 0.1292517006802721
0.0, 0.03519290928050052, 0.24260355029585798, 0.05405405405405406, 0.06896551724137931, 0.09895939604162415, 0.0, 0.033338002521361536, 0.0881057268722467, 0.04893617021276596
0.0222684703433923, 0.0, 0.02857142857142857, 0.011834319526627219, 0.04675963904840033, 0.10759086522997749, 0.018867924528301886, 0.0671462829736211, 0.049747048903878585, 0.0
0.08494957331264547, 0.1015625, 0.012244897959183673, 0.04905660377358491, 0.04131534569983136, 0.09045848822800495, 0.125515378002351, 0.21893491124260356, 0.0015710919088766694, 0.0881057268722467
8.403361344537816E-4, 0.0, 0.028985507246376812, 0.1348314606741573, 0.05996235547190105, 0.0, 0.12906610703043023, 0.011472275334608031, 0.1798977853492334, 0.07782818965947051
0.0894357743097239, 0.045454545454545456, 0.049043478260869564, 0.07692307692307693, 0.03127171646977067, 0.0, 0.0, 0.08709677419354839, 0.07379767827529021, 0.052521008403361345
0.05486725663716814, 0.0, 0.06825396825396825, 0.05519779208831647, 0.06284153005464481, 0.08450704225352113, 0.010752688172043012, 0.04804804804804805, 0.24647887323943662, 0.11810913171552813
0.0786699107866991, 0.06847360912981455, 0.002551020408163265, 0.0, 0.07335907335907337, 0.16137973514012935, 0.030355294929285962, 0.010869565217391304, 0.0, 0.0879848628192999
0.06272401433691756, 0.1010016694490818, 0.0, 0.11711711711711711, 0.06881720430107527, 0.06422018348623854, 0.0849194729136164, 0.14863097498206979, 0.06884219937416182, 0.08552631578947369
0.09512505298855448, 0.08849752339020363, 0.01910828025477707, 0.12612612612612611, 0.0707070707070707, 0.0683068017366136, 0.11532919030892552, 0.011434016198189614, 0.0, 0.013761467889908258
0.1413105413105413, 0.0, 0.0, 0.09839122327739473, 0.0696629213483146, 0.11688311688311688, 0.07159353348729793, 0.10595611285266458, 0.21686746987951808, 0.14746543778801843
0.0, 0.1371842760583422, 0.12184193681991039, 0.09293680297397769, 0.06709781729991916, 0.0, 0.0, 0.0, 0.15213358070500926, 0.08305425318151373
0.12031756681203176, 0.5555555555555556, 0.06451612903225806, 0.0, 0.030303030303030304, 0.12735199012817164, 0.12428774928774929, 0.01813222079589217, 0.09006531454107941, 0.08196721311475409
0.004713275726630008, 0.09504950495049505, 0.06914639961850262, 0.09834938101788171, 0.11482720178372352, 0.058823529411764705, 0.015709376534118802, 0.10416666666666667, 0.0, 0.15331010452961671
0.018518518518518517, 0.1342575702298431, 0.05849889624724062, 0.1393643031784841, 0.0, 0.08935064935064935, 0.11210762331838565, 0.0, 0.09196718183552757, 0.0
0.0, 0.008816120906801008, 0.06176366981095151, 0.14285714285714285, 0.19646799116997793, 0.13825511036090807, 0.0, 0.012077294685990338, 0.10361934829180292, 0.033338002521361536
0.04595588235294118, 0.04468802698145025, 0.06800445930880714, 0.14144712430426717, 0.08963378617838157, 0.12413793103448276, 0.085359477124183, 0.052980132450331126, 0.05398535742952351, 0.017324350336862367
0.0, 0.003076923076923077, 0.22178636089318043, 0.11612903225806452, 0.03227126272183296, 0.11598835144541515, 0.3275862068965517, 0.20024420024420025, 0.049072035231204784, 0.0
0.09058402860548272, 0.075, 0.20261437908496732, 0.10715557137771449, 0.08108108108108109, 0.0, 0.06429026098026734, 0.10165638194218903, 0.2222222222222222, 0.10774998716039239
0.05813953488372093, 0.06996770721205597, 0.07956989247311828, 0.14942707927352092, 0.005776173285198556, 0.06656958602038694, 0.12340966921119594, 0.02631578947368421, 0.11368848121361792, 0.18475947211579397
0.0725406527505478, 0.014035087719298246, 0.040123456790123455, 0.0822165336545701, 0.09199461823074336, 0.011011011011011011, 0.0, 0.1141844110560442, 0.1586998087954111, 0.044929396662387676
0.22742911675330874, 0.04880066170388751, 0.14535585042219543, 0.0, 0.15310586176727908, 0.0, 0.02389425521098119, 0.23809523809523808, 0.13179810657754756, 0.05280289330922242
0.15448920214727696, 0.0, 0.1109681569636539, 0.06945736434108526, 0.0, 0.08727272727272728, 0.06866952789699571, 0.0, 0.23864388822672494, 0.007770632368703108
0.057578323454699404, 0.06992380098610489, 0.02804953560371517, 0.11370215503377291, 0.0091324200913242, 0.16753852679202602, 0.039850746268656714, 0.07103825136612021, 0.24425574425574426, 0.10461114934618032
0.09548554725560247, 0.09025694535020216, 0.10665137614678899, 0.041993720565149134, 0.0, 0.008979885057471264, 0.1526491293071508, 0.0859538784067086, 0.10071942446043165, 0.11442498877557565
0.0, 0.0, 0.0, 0.0, 0.11501110758489369, 0.08512427583629228, 0.08524542550101656, 0.09745222929936306, 0.08247734138972809, 0.02654867256637168
0.17016405951926747, 0.0, 0.00375234521575985, 0.002288329519450801, 0.05549845837615622, 0.09817369493651043, 0.04262877442273535, 0.05759623861298854, 0.1366906474820144, 0.023809523809523808
0.08525033829499323, 0.0, 0.14136175933928743, 0.05319761859035913, 0.09552093476144109, 0.04201680672268908, 0.13320404823950063, 0.0, 0.07692307692307693, 0.019730941704035873
0.0, 0.07360672975814932, 0.005633802816901409, 0.0, 0.0, 0.0, 0.07392996108949416, 0.033210332103321034, 0.10443583435230336, 0.09162995594713656
0.1098596147567744, 0.04752206381534284, 0.0, 0.0, 0.11952191235059761, 0.1024558991723524, 0.08402116402116402, 0.19639468690702086, 0.09049773755656108, 0.08393501805054152
0.15250767656090072, 0.09270640821764731, 0.10808646917534027, 0.08725084618277548, 0.08493589743589744, 0.02631578947368421, 0.05021276595744681, 0.0061068702290076335, 0.06041666666666667, 0.017857142857142856
0.03636363636363636, 0.07026419336706015, 0.09765625, 0.10448300795372378, 0.07665505226480836, 0.11890145395799677, 0.0, 0.09663865546218488, 0.09867913613575009, 0.08357771260997067
0.08951406649616368, 0.0, 0.03225806451612903, 0.12048192771084337, 0.1590909090909091, 0.10032326385018392, 0.0, 0.0, 0.06538461538461539, 0.07420924574209246
0.06392045454545454, 0.02350332594235033, 0.0019120458891013384, 0.0, 0.18114315316871007, 0.1170313986679353, 0.052222222222222225, 0.07453416149068323, 0.013513513513513514, 0.0748973181928002
7.849293563579278E-4, 0.022058823529411766, 0.05917477356591748, 0.03912466843501326, 0.11636363636363636, 0.0, 0.1550925925925926, 0.0915032679738562, 0.07679914070891515, 0.08645787384208205
0.010711097887533471, 0.05261918775750441, 0.08138238573021182, 0.16528721432983323, 0.0, 0.07142857142857142, 0.0, 0.08818897637795275, 0.0, 0.07357859531772576
0.05931321540062435, 0.09714564868448601, 0.07779034081731546, 0.019434628975265017, 0.0782312925170068, 0.049367088607594936, 0.1243559822096966, 0.10217263652378156, 0.021003500583430573, 0.10544764300354015
0.05402650356778797, 0.08382526564344746, 0.059282371294851796, 0.12420470262793915, 0.0, 0.07692307692307693, 0.07518796992481203, 0.05257510729613734, 0.04921510394569368, 0.0
0.10426540284360189, 0.11763754045307444, 0.08006042296072508, 0.0583232077764277, 0.09765258215962441, 0.043142305215711524, 0.06892415071705109, 0.0, 0.08101211992345311, 0.043151969981238276
0.0843011340347042, 0.0, 0.06766917293233082, 0.05392156862745098, 0.04463991203958219, 0.0, 0.02564102564102564, 0.0380952380952381, 0.06549609810479376, 0.04519774011299435
0.13315926892950392, 0.02, 0.16522318454363757, 0.06222222222222222, 0.10751104565537556, 0.01335559265442404, 0.17202741892960718, 0.03980567730601343, 0.0, 0.08280600253118785
0.13874089376970752, 0.08905146316851666, 0.0, 0.1368345837799214, 0.12535612535612536, 0.12073838013348566, 0.14157799350427963, 0.05305039787798409, 0.0, 0.14204770808544392
0.07476635514018691, 0.0, 0.08154803040774015, 0.04907539118065434, 0.0972124246216862, 0.09641255605381166, 0.14925373134328357, 0.0, 0.10665258711721225, 0.015082956259426848
0.06504065040650407, 0.24260355029585798, 0.010632911392405063, 0.09092250196695516, 0.13413311421528348, 0.21893491124260356, 0.04426787741203178, 0.055379746835443035, 0.0, 0.0
0.01694915254237288, 0.07248520710059171, 0.0, 0.09801633605600933, 0.08454106280193237, 0.08646417610329135, 0.12046694757201078, 0.0, 0.16459110731466078, 0.21285140562248997
0.05853658536585366, 0.12221120475954388, 0.018117229129662522, 0.12312925170068027, 0.001893939393939394, 0.12147177419354839, 0.054945054945054944, 0.06914737767360093, 0.07929724596391263, 0.007819044959508517
0.07627118644067797, 0.027162557459256165, 0.1409587022758808, 0.16201669595782073, 0.0, 0.016423163058547508, 0.0023837902264600714, 0.158316961362148, 0.07335907335907337, 0.11905667554203118
0.0, 0.0, 0.06284153005464481, 0.057291666666666664, 0.0, 0.10666381278538813, 0.10291508238276299, 0.0861244019138756, 0.00333889816360601, 0.11738148984198646
0.06090133982947625, 0.0, 0.05202312138728324, 0.1111111111111111, 0.11225474429076873, 0.08532423208191127, 0.07234314980793854, 0.06018518518518518, 0.0014285714285714286, 0.09156391161030399
0.0, 0.21893491124260356, 0.0, 0.09550561797752809, 0.0, 0.11007025761124122, 0.17449481157837246, 0.06688351290912788, 0.11181727904667328, 0.0
0.12100058173356602, 0.05509065550906555, 0.0, 0.15661103979460847, 0.0018808777429467085, 0.07446808510638298, 0.12721736828170505, 0.0, 0.007854688267059401, 0.05259975816203144
0.1143098869591784, 0.04891304347826087, 0.05904059040590406, 0.06960556844547564, 0.02637946900241982, 0.047217537942664416, 0.1086661427448739, 0.11623726782504494, 0.08392857142857142, 0.1315463388927661
0.0, 0.0, 0.0, 0.06629834254143646, 0.15575396825396826, 0.0859106529209622, 0.0, 0.06812364638708407, 0.102803738317757, 0.07395591647331787
0.07575757575757576, 0.033338002521361536, 0.1674139654433814, 0.07086614173228346, 0.0892072213500785, 0.0, 0.1311994756390649, 0.09090909090909091, 0.1145631067961165, 0.0
0.08146760486155533, 0.07368421052631578, 0.04904632152588556, 0.007770632368703108, 0.0, 0.10120680197476686, 0.09078782826177574, 0.0345514950166113, 0.08506224066390042, 0.0
0.07104700854700854, 0.0050335570469798654, 0.13903371567605144, 0.0, 0.0859538784067086, 0.1288048702338994, 0.10179640718562874, 0.0, 0.15213358070500926, 0.10670123653769445
0.1281963859529492, 0.09187279151943463, 0.09106248082626035, 0.0, 0.0896822685343355, 0.10857538035961273, 0.015592515592515593, 0.06099476439790576, 0.0, 0.08108108108108109
0.07692307692307693, 0.0, 0.0, 0.024390243902439025, 0.10722610722610723, 0.09634187457855697, 0.07674943566591422, 0.05490926012098651, 0.225, 0.1041199793139114
0.06287425149700598, 0.02247191011235955, 0.07659398288711013, 0.05174035747883349, 0.0076481835564053535, 0.07672955974842767, 0.02745881178232651, 0.11149825783972125, 0.16753078418664938, 0.14898688915375446
0.14749651216865603, 0.09325396825396826, 0.0, 0.0, 0.16636662077729536, 0.09833333333333333, 0.0, 0.027169811320754716, 0.0, 0.0
0.1826086956521739, 0.07143216206705877, 0.06495277047424286, 0.0, 0.12123316206082489, 0.019455252918287938, 0.0, 0.00513405590416429, 0.10655503757967844, 0.07991255768763662
0.06128133704735376, 0.0667779632721202, 0.045732075927941, 0.07236268526591107, 0.0018773466833541927, 0.0, 0.09555463232239302, 0.14414414414414414, 0.0, 0.03888888888888889
0.15431472081218275, 0.0967741935483871, 0.12142723706332897, 0.0, 0.0, 0.0, 0.06832298136645963, 0.11899387294421154, 0.08235294117647059, 0.06666666666666667
0.024390243902439025, 0.07986688851913477, 0.09180616740088106, 0.0, 0.0, 0.08841375325050563, 0.066006600660066, 0.0915032679738562, 0.1052095706770745, 0.21016185549808108
0.1425931629196181, 0.00984009840098401, 0.07990867579908675, 0.03278688524590164, 0.03771849126034959, 0.09042145593869731, 0.10636054820194447, 0.03843807199511898, 0.043758043758043756, 0.08125
0.07048166151126822, 0.09015901590159016, 0.043327556325823226, 0.045808663134933, 0.10088050314465409, 0.038181818181818185, 0.07390300230946882, 0.0, 0.0, 0.08485856905158069
0.0, 0.09336812627291242, 0.09008849557522124, 0.10829103214890017, 0.14693559971271247, 0.0, 0.06874346644365462, 0.052980132450331126, 8.936550491510277E-4, 0.1335131490222522
0.06976744186046512, 0.1071749188591948, 0.025938566552901023, 0.11709520500347463, 0.07396618114850159, 0.09157616671558556, 0.045098039215686274, 0.043478260869565216, 0.11449990687278823, 0.07003183265120509
0.0, 0.14615307453104626, 0.16220511962523004, 0.08372093023255814, 0.05128205128205128, 0.0015114301908180617, 0.05271996111184763, 0.14036867918146456, 0.08, 0.07142857142857142
0.0, 0.17683134582623508, 0.0, 0.06832298136645963, 0.11295483294888012, 0.010677924012912838, 0.06996770721205597, 0.15858405217757207, 0.021739130434782608, 0.0
0.0, 0.07712960702953381, 0.016577332401149694, 0.0, 0.05050029429075927, 0.12551363466567053, 0.1469248291571754, 0.0, 0.08368200836820083, 0.0
0.0625, 0.132041334678682, 0.12250883960141433, 0.017375231053604435, 0.06492248062015504, 0.072992700729927, 0.1015625, 0.01297016861219196, 0.05913978494623656, 0.10495382031905962
0.13358013753533307, 0.15222970805261468, 0.0, 0.10644162513215526, 0.0, 0.023180717333640872, 7.488766849725411E-4, 0.14165433012583273, 0.09571222477118464, 0.058931860036832415
0.0, 0.009269988412514484, 0.04779969650986343, 0.12910656789089292, 0.11452583325374845, 0.04329896907216495, 0.14367831748712778, 0.15079365079365079, 0.0690176322418136, 0.0050335570469798654
0.07785172573904968, 0.09006531454107941, 0.08537296037296037, 0.09535177503904191, 0.10007788161993769, 0.0859538784067086, 0.0, 0.09598214285714286, 0.10267379679144385, 0.10602994738972076
0.13748763600395647, 0.0363607908602431, 0.0, 0.07133202528885982, 0.10121168923734854, 0.0, 0.08750357449242208, 0.21893491124260356, 0.0, 0.09474590869939707
0.10275939567986016, 0.1505425786279198, 0.0, 0.10505717136060164, 0.07806691449814127, 0.10964205095130602, 0.09268963710205685, 0.0, 0.08513513513513514, 0.07272727272727272
0.12598425196850394, 0.028913260219341975, 0.12119662490411659, 0.13753728163613124, 0.0, 0.010824578159821713, 0.06622516556291391, 0.006805807622504537, 0.07106598984771574, 0.07888631090487239
0.043478260869565216, 0.00784313725490196, 0.07930937675463223, 0.057349260162859225, 0.15541415012942192, 0.10244451592151817, 0.07697082557417753, 0.08130762782900251, 0.003676470588235294, 0.11043525277101919
0.025523911875335842, 0.1, 0.0, 0.07692307692307693, 0.0669038517341004, 0.0, 0.08271334792122538, 0.0, 0.030878859857482184, 0.0060882800608828
0.1775244299674267, 0.0687655343827672, 9.699321047526673E-4, 0.13932888703626511, 0.0461642905634759, 0.020552449852022363, 0.10359512726552442, 0.09686580789126686, 0.0025161754133716753, 0.07647058823529412
0.0, 0.07272727272727272, 0.17041678534130827, 0.008446883285036068, 0.06914893617021277, 0.11457238413760153, 0.07958115183246073, 0.16621464548624565, 0.08478209097404144, 0.1258299238062572
0.06445993031358885, 0.14985502823134442, 0.02603864898946866, 0.14828536145150564, 0.06289308176100629, 0.08025308025308026, 0.09714758164530798, 0.009419152276295133, 0.06521739130434782, 0.06313040639791088
0.043478260869565216, 0.0, 0.13812718335548893, 0.0, 0.14212510876921589, 0.08379888268156424, 0.10112359550561797, 0.0, 0.10833077866339669, 0.012481278082875686
0.06093189964157706, 0.09090909090909091, 0.02064896755162242, 0.0967741935483871, 0.005190311418685121, 0.0, 0.10325991189427312, 0.10642656890230752, 0.07615230460921844, 0.06912442396313365
0.046460176991150445, 0.07423580786026202, 0.11582661290322581, 0.03763522779216821, 0.0, 0.07649420160570919, 0.10040743042607554, 0.1607958643904785, 0.0547945205479452, 0.12185007974481658
0.11805555555555555, 0.05490926012098651, 0.0840541556976307, 0.0, 0.08134805345729228, 0.042139978013924516, 0.0011248593925759281, 0.12869565217391304, 0.09527439024390244, 0.11311132523324952
0.10092993816641511, 0.0, 0.10334128878281623, 0.12446351931330472, 0.08879304877275322, 0.062084851082065566, 0.0, 0.0928988326848249, 0.09049773755656108, 0.08063612161972818
0.0787037037037037, 0.03565292096219931, 0.0547945205479452, 0.013826758845058967, 0.10975609756097561, 0.09787234042553192, 0.1292517006802721, 0.0, 0.07865168539325842, 0.0
0.13302575932333718, 0.0, 0.15870161399091848, 0.08096926713947991, 0.06688351290912788, 0.05699774266365688, 0.12565375703409468, 0.08610201216658868, 0.09480919649205972, 0.0037688442211055275
0.1702127659574468, 0.0, 0.10375580957166185, 0.07415254237288135, 0.07766059443911794, 0.020559504935304045, 0.037778617302606725, 0.08487153797823023, 0.09986757890090488, 0.09166329421286928
0.15431235431235432, 0.0, 0.10130818375418314, 0.1121898597626753, 0.046249700455307935, 0.11185044359949303, 0.12714386192717633, 0.11722995361166336, 0.09824771787278823, 0.0
0.08247814519194223, 0.008464115676247575, 0.011320754716981131, 0.0026490066225165563, 0.12451542221473116, 0.0967741935483871, 0.08108108108108109, 0.06986899563318777, 0.0050335570469798654, 0.0
0.06307339449541284, 0.0, 0.15213358070500926, 0.1089317726457872, 0.09070931510194115, 0.12067032843851586, 0.0, 0.0, 0.15542857142857142, 0.10495002379819134
0.02857142857142857, 0.0, 0.0, 0.09008466927407917, 0.1265494528292101, 0.01907576571735626, 0.0, 0.10017730496453901, 0.10333998217544456, 0.0
0.09194021884174006, 0.09718670076726342, 0.0, 0.15165441176470587, 0.05070993914807302, 0.07557316727993207, 0.0, 0.0, 0.0, 0.04878048780487805
0.09298802481604386, 0.033338002521361536, 0.007575757575757576, 0.0671067106710671, 0.22485207100591717, 0.004784688995215311, 0.165322963103481, 0.15079365079365079, 0.07250755287009064, 0.011728182131769576
0.08641975308641975, 0.10623587288924345, 0.0, 0.14746543778801843, 0.13627548921666569, 0.06284153005464481, 0.043795620437956206, 0.06823979591836735, 0.019700214132762312, 0.0058823529411764705
0.0, 0.0, 0.0836470096194061, 0.08708708708708708, 0.0, 0.10299553855959209, 0.007692307692307693, 0.11829727187206021, 0.09109243697478991, 0.005555555555555556
0.0, 0.005128205128205128, 0.07608695652173914, 0.0, 0.07446808510638298, 0.13219554527046573, 0.08453264656870171, 0.09243697478991597, 0.0, 0.0
0.06037489102005231, 0.12871794871794873, 0.0076481835564053535, 0.0824295010845987, 0.1174225744899457, 0.026693455797933408, 0.05472312703583062, 0.09610825760568945, 0.13225119183225753, 0.12906692721055202
0.10581016779363887, 0.0, 0.12216681776971895, 0.0842911877394636, 0.0, 0.07401812688821752, 0.0, 0.07092198581560284, 0.0, 0.0
0.06976744186046512, 0.0, 0.0, 0.10811897106109325, 0.008928571428571428, 0.10327370907863652, 0.08460133901399879, 0.16993661334138244, 0.0611353711790393, 0.030945757997218357
0.029113509977101732, 0.09339729119638826, 0.06582633053221289, 0.08366533864541832, 0.07811201595479475, 0.0594059405940594, 0.0915032679738562, 0.19341515223035166, 0.08807439824945296, 0.05847953216374269
0.0, 0.0907488986784141, 0.024489795918367346, 0.1281273692191054, 0.1377573692786254, 0.0, 0.0, 0.006711409395973154, 0.15079365079365079, 0.1111111111111111
0.016, 0.10344827586206896, 0.013513513513513514, 0.08430232558139535, 0.058151609553478714, 0.10861509958314035, 0.0, 0.0, 0.08364829209156385, 0.008620689655172414
0.0, 0.11483253588516747, 0.0, 0.039990928333837314, 0.0, 0.08035714285714286, 0.09751121991024071, 0.19529564091497625, 0.044333861117394256, 0.11516155758077878
0.048701298701298704, 0.11475409836065574, 0.09727096912828594, 0.062146892655367235, 0.08766233766233766, 0.09049773755656108, 0.1080791229742612, 0.13485376978803326, 0.11908580593424219, 0.0
0.04326530612244898, 0.05886970172684458, 0.10779082177161152, 0.0, 0.0, 0.10501864066532836, 0.02822448309812931, 0.05699774266365688, 0.003676470588235294, 0.08823529411764706
0.06539074960127592, 0.13122841637888505, 0.01018573996405033, 0.05275779376498801, 0.07262569832402235, 0.08533853602138883, 0.08174554394591273, 0.07462686567164178, 0.05732484076433121, 0.09643112062812277
0.013986013986013986, 0.09388646288209607, 0.10318471337579618, 0.051829268292682924, 9.775171065493646E-4, 0.0, 0.10436634717784878, 0.013574660633484163, 0.06490872210953347, 0.06570915619389588
0.023284313725490197, 0.0665361312250628, 0.10387096774193548, 0.10648148148148148, 0.0, 0.003676470588235294, 0.10115649246084028, 0.0, 0.0, 0.09090909090909091
0.12302471099798494, 0.15355099293167285, 0.19873969946679593, 0.0, 0.05913978494623656, 0.06682577565632458, 0.0, 0.14931237721021612, 0.0, 0.0
0.0, 0.0, 0.1884498480243161, 0.0, 0.09734513274336283, 0.043812451960030745, 0.06391692262688313, 0.12048192771084337, 0.14743407995463567, 0.14870881567230632
0.0, 0.12073490813648294, 0.08087175792507205, 0.04891304347826087, 0.07899159663865546, 0.1128823782852219, 0.06578947368421052, 0.0, 0.06688351290912788, 0.0
0.05013192612137203, 0.0, 0.0743747970120169, 0.06263498920086392, 0.0, 0.03334992533598805, 0.0, 0.06672597864768683, 0.10610751477624543, 0.12846260387811634
0.0, 0.07196969696969698, 0.10406683867797027, 0.0, 0.10354640980735552, 0.15328467153284672, 0.0, 0.0, 0.0, 0.13995115466658423
0.0, 0.058931860036832415, 0.16720131445113842, 0.0, 0.08900523560209424, 0.06435643564356436, 0.13030576132591828, 0.12146253311577802, 0.0024752475247524753, 0.05285868392664509
0.15610217596972564, 0.10463602683488535, 0.07734975438926364, 0.10409252669039146, 0.17106892282294675, 0.058823529411764705, 0.23076923076923078, 0.08333333333333333, 0.1260753485612578, 0.11682024051225988
0.11177227404310068, 0.1027592768791627, 0.0, 0.10942808607021517, 0.09051368578927634, 0.07636221089768719, 0.0, 0.0, 0.0, 0.06464924346629987
0.006069094304388422, 0.01694017998941239, 0.0, 0.0, 0.036757775683317624, 0.006493506493506494, 0.08390022675736962, 0.0, 0.12461466291381852, 0.15922389898367725
0.2138728323699422, 0.09350935093509351, 0.09764884844279577, 0.09090909090909091, 0.08147038488130906, 0.09283387622149837, 0.18609102509570397, 0.07692307692307693, 0.007558838687510737, 0.08703329969727548
0.07898658718330849, 0.0664451827242525, 0.09003051881993897, 0.09397109842379872, 0.14925373134328357, 0.10328638497652583, 0.13191334236017083, 0.13990825688073394, 0.0, 0.1094000875784557
0.0025020850708924102, 0.10759086522997749, 0.0893854748603352, 0.06435643564356436, 0.09170824423853646, 0.053462940461725394, 0.09090909090909091, 0.13194834362717575, 0.0, 0.012552301255230125
0.0, 0.0, 0.11458333333333333, 0.004008908685968819, 0.0, 0.01652892561983471, 0.0, 0.12871114215857493, 0.0026246719160104987, 0.07925801011804384
0.06920867067119352, 0.0, 0.12894025569171075, 0.08333333333333333, 0.1469248291571754, 0.08974358974358974, 0.056662758890191484, 0.0, 0.0, 0.08325610132839048
0.1177318102294947, 0.028722002635046113, 0.08035062089116143, 0.10102032211822244, 0.0, 0.10344827586206896, 0.033338002521361536, 0.11618747538400945, 0.05003625815808557, 0.0
0.1453024743240196, 0.14941580158971463, 0.11355463347164592, 0.04057480980557904, 0.0, 0.10244451592151817, 0.09058823529411765, 0.0, 0.0, 0.09049773755656108
0.10053709130552194, 0.0703971119133574, 0.0, 0.0, 0.03553299492385787, 0.09957033439192976, 0.09216101694915255, 0.06097560975609756, 0.013100436681222707, 0.06442489000628536
0.04927751018895887, 0.10636677090850774, 0.14000373343289155, 0.0975609756097561, 0.13308496919329416, 0.0, 0.05384615384615385, 0.0, 0.07377049180327869, 0.02054794520547945
0.052980132450331126, 0.010126582278481013, 0.09493572866656343, 0.07511737089201878, 0.12759897465109654, 0.09607091518926689, 0.057445868316394165, 0.0, 0.09719222462203024, 0.08831353076786665
0.0890743769845088, 0.13007284079084286, 0.07741935483870968, 0.08327100473697333, 0.08060109289617487, 0.0, 0.05555555555555555, 0.0, 0.05847953216374269, 0.28542914171656686
0.12612612612612611, 0.04983108108108108, 0.0, 0.07006673021925644, 0.10328638497652583, 0.0724391624221845, 0.043227665706051875, 0.02453531598513011, 0.09894259818731117, 0.06914893617021277
0.058823529411764705, 0.07016673467116732, 0.0821917808219178, 0.0035778175313059034, 0.3048189335614485, 0.05622657226155769, 0.0, 0.0, 0.1798780487804878, 0.092411838790932
0.05747126436781609, 0.07892961547110411, 0.08123791102514506, 0.11324170850135791, 0.07091055600322321, 0.12524447663889895, 0.07661290322580645, 0.11016949152542373, 0.0, 0.0
0.16443745082612116, 0.06896551724137931, 0.043478260869565216, 0.11121264893011708, 0.0, 0.06978535228063201, 0.0, 0.0028328611898017, 0.0, 0.0
0.09616232906925452, 0.0, 0.11162790697674418, 0.09335170513262142, 0.0, 0.08476517754868271, 0.06926159129937035, 0.09479151637570336, 0.013574660633484163, 0.07869946708295204
0.06385869565217392, 0.09733727810650887, 0.0967741935483871, 0.08948842694972726, 0.05257767156025948, 0.06321839080459771, 0.1057035280992888, 0.03945675482487491, 0.08560336048879837, 0.07038733860891296
0.016618728028124002, 0.0, 0.09427443237907206, 0.06468646864686468, 0.0, 0.0, 0.024390243902439025, 0.05007153075822604, 0.1407446068197634, 0.12118959107806691
0.06451612903225806, 0.06930693069306931, 0.15070583746661578, 0.09395973154362416, 0.07312252964426877, 0.0, 0.0, 0.11080733354776455, 0.0039347948285553686, 0.0759493670886076
0.0, 0.21286102836420154, 0.08965441095285415, 0.0, 0.0, 0.12258064516129032, 0.08810888252148998, 0.06464924346629987, 0.19371502367628068, 0.06785714285714285
0.007722007722007722, 0.0, 0.0, 0.04059040590405904, 0.00248403122782115, 0.07741935483870968, 0.06334841628959276, 0.058823529411764705, 0.044858231062209056, 0.0
0.13853765805387575, 0.044785668586052464, 0.0, 0.12402537333157129, 0.0, 0.0, 0.0, 0.005312084993359893, 0.09268119794435584, 0.09238728750923873
0.21893491124260356, 0.15069049553208774, 0.0, 0.13211927156293776, 0.08837015423092956, 0.05078204866080556, 0.00857843137254902, 0.06811594202898551, 0.036833424958768554, 0.10887212300639862
0.0, 0.019801980198019802, 0.009152830991911451, 0.06865318981359937, 0.08703790360318203, 0.033338002521361536, 0.1491797024036627, 0.04201680672268908, 0.0, 0.0
0.1275493687277436, 0.08916323731138547, 0.09488745711655928, 0.10989010989010989, 0.14766839378238342, 0.056623110427875996, 0.0, 0.0, 0.0, 0.09526854219948849
0.007760785208856425, 0.0, 0.08910266519476423, 0.021432305279665446, 0.08332606990325112, 0.06232661364897355, 0.10093727469358327, 0.11503491896165503, 0.02974628171478565, 0.16506567339737307
0.11612903225806452, 0.0, 0.0, 0.10179640718562874, 0.0548885077186964, 0.03333333333333333, 0.0, 0.0, 0.09473684210526316, 0.10278035217794254
0.0, 0.13149389514005266, 0.10344827586206896, 0.04849225753871231, 0.0, 0.10240582462804686, 0.0, 0.0, 0.21893491124260356, 0.0
0.05789254477301124, 0.0, 0.0936276969392875, 0.03121936875122525, 0.0, 4.338394793926247E-4, 0.11752126597918548, 0.07311320754716981, 0.10222890384992483, 0.08427876823338736
0.0, 0.06743088334457181, 0.0, 0.07164179104477612, 0.0, 0.06571428571428571, 0.0, 0.10362694300518134, 0.12048192771084337, 0.11794019933554817
0.11098546042003231, 0.0034965034965034965, 0.0984368398817068, 0.07777777777777778, 0.05861244019138756, 0.048994974874371856, 0.009790209790209791, 0.09994155464640561, 0.0049833887043189366, 0.05628282828282828
0.061611374407582936, 0.08502024291497975, 0.0, 0.023455446741627372, 0.08367626886145405, 0.07462686567164178, 0.10902682116522162, 0.12322468939376213, 0.11140583554376658, 0.10344827586206896
0.10297110297110297, 0.04885786802030457, 0.21893491124260356, 0.014541120381406437, 0.14109705747427748, 0.08584422967595225, 0.005436424041075204, 0.10569105691056911, 0.1073738680465718, 0.015894819466248038
0.06563706563706563, 0.09287144870558564, 0.0, 0.09090909090909091, 0.08658182182583425, 0.0, 0.0, 0.1039513047599301, 0.11210762331838565, 0.08239028429478333
0.12929988225704195, 0.0888208269525268, 0.0, 0.05497351383166568, 0.10100148264190002, 0.2138728323699422, 0.0, 0.09022739445878171, 0.1, 0.09416299559471365
0.10846953937592868, 0.07315480078380143, 0.05007153075822604, 0.09049573729081149, 0.21893491124260356, 0.12578616352201258, 0.10250402694391565, 0.13740458015267176, 0.0, 0.07407407407407407
0.10079575596816977, 0.07511737089201878, 0.06691919191919192, 0.045098039215686274, 0.03888888888888889, 0.04878048780487805, 0.03804347826086957, 0.016245487364620937, 0.08542940174366169, 0.0684931506849315
0.05465144522710712, 0.021249195106245976, 0.09569377990430622, 0.15060055435786882, 0.07352941176470588, 0.15873015873015872, 0.0022271714922048997, 0.010872848082150407, 0.1031390134529148, 0.07208872458410351
0.05124765226723907, 0.09137931034482759, 0.0, 0.06017391304347826, 0.0, 0.0, 0.09387755102040816, 0.07698815566835872, 0.02857142857142857, 0.07277628032345014
0.07145796187079961, 0.06862745098039216, 0.07909604519774012, 0.14063187538502156, 0.0, 0.09885057471264368, 0.10625626880641925, 0.0, 0.08081446819274062, 0.18181818181818182
0.05638328951212387, 0.06296296296296296, 0.08344255133245959, 0.10495424180406997, 0.11388202048746027, 0.09174311926605505, 0.0677257525083612, 0.11080148619957537, 0.0, 0.0
0.09787234042553192, 0.01616205150307079, 0.13688931603395804, 0.0, 0.21893491124260356, 0.08749569410954185, 0.08441558441558442, 0.049951969260326606, 0.1879854285517905, 0.08111152835148329
0.06387035271687322, 0.03435114503816794, 0.0664451827242525, 0.06688351290912788, 0.0, 0.1393188854489164, 0.0, 0.04943502824858757, 0.014384566995177187, 0.02961980548187445
0.045177045177045176, 0.12945280940139553, 0.0, 0.06966351209253417, 0.10062251250127564, 0.0, 0.05007153075822604, 0.13006923837784373, 0.0, 0.22129519268970999
0.0, 0.07172995780590717, 0.11049339819318972, 0.11400198609731876, 0.0, 0.05785791173304629, 0.12524209167204647, 0.0, 0.07804690503652441, 0.038181818181818185
0.0767319900634833, 0.1397754787585296, 0.10665072957308135, 0.11937377690802348, 0.07109004739336493, 0.0741106719367589, 0.0783132530120482, 0.13793103448275862, 0.0, 0.09061748195669607
0.07692307692307693, 0.0, 0.09663865546218488, 0.09641255605381166, 0.06615914446257024, 0.006284153005464481, 0.11260406017233825, 0.10702151755379388, 0.10305826999638075, 0.09583901773533424
0.0, 0.0, 0.06992230854605994, 0.10657087947286538, 0.0547945205479452, 0.0625, 0.1503075238014997, 0.0, 0.07432216905901116, 0.10328638497652583
0.0, 0.0, 0.04893617021276596, 0.0433996383363472, 0.06812364638708407, 0.012768817204301076, 0.07258064516129033, 0.07222222222222222, 0.10959681998864282, 0.10693940963231487
0.0050335570469798654, 0.05080213903743316, 0.12087912087912088, 0.14231554389034703, 0.1497220506485485, 0.07885990532782758, 0.13402061855670103, 0.22262773722627738, 0.008537886872998933, 0.0
0.06811926605504587, 0.03468208092485549, 0.08952702702702703, 0.0664451827242525, 0.04329896907216495, 0.0, 0.13902439024390245, 0.07576301615798922, 0.0, 0.11663625304136253
0.1321687260332339, 0.03351019268360793, 0.04411764705882353, 0.12904372555990046, 0.04142441860465116, 0.0, 0.09606986899563319, 0.09177215189873418, 0.05622657226155769, 0.15079365079365079
0.12358671073230126, 0.12316384180790961, 0.049163179916317995, 0.09573304157549234, 0.07599381935665121, 0.0, 0.028913260219341975, 0.11517615176151762, 0.07707993474714518, 0.09032356222740644
0.09760931500061935, 0.05402650356778797, 0.10362694300518134, 0.07058823529411765, 0.08230215827338129, 0.058305830583058306, 0.053691275167785234, 0.0, 0.06962025316455696, 0.0
0.04973118279569892, 0.10118856408609059, 0.0, 0.003336113427856547, 0.09269932756964457, 0.009478672985781991, 0.06688351290912788, 0.11522057972133236, 0.07394366197183098, 0.0
0.0, 0.1226653205451792, 0.08527131782945736, 0.2254335260115607, 0.09698996655518395, 0.11803916122760727, 0.0, 0.0, 0.10942564909520062, 0.11259169234775815
0.14746543778801843, 0.0050335570469798654, 0.05688073394495413, 0.15213358070500926, 0.0, 0.06252605252188412, 0.11829593001141119, 0.0, 0.09333333333333334, 0.0
0.08421372983783314, 0.05555555555555555, 0.044972422571064916, 0.06501547987616099, 0.08372093023255814, 0.11952191235059761, 0.019542772861356934, 0.062146892655367235, 0.002331002331002331, 0.06631578947368422
0.0, 0.0, 0.14277777777777778, 0.11732456140350878, 0.05301982480405717, 0.05142231947483589, 0.052980132450331126, 0.09499205087440382, 0.07659574468085106, 0.033338002521361536
0.07555555555555556, 0.02462121212121212, 0.10512453909248251, 0.21142857142857144, 0.019036046982584043, 0.06337371854613234, 0.0, 0.0, 0.09347024749868352, 0.04346060113728676
0.0631768953068592, 0.08285653211728242, 0.09787234042553192, 0.05533596837944664, 0.08247422680412371, 0.06666666666666667, 0.0, 0.06267117770259384, 0.16498288386073306, 0.0
0.14416896235078053, 0.13840697785871753, 0.0, 0.0026954177897574125, 0.0033370411568409346, 0.05225863596102746, 0.04411764705882353, 0.09117997616209773, 0.09433962264150944, 0.07692307692307693
0.0, 0.04093348308997878, 0.06954436450839328, 0.008496176720475786, 0.11603645210506783, 0.10435737824972538, 0.13852667231160035, 0.05664160401002506, 0.0, 0.043478260869565216
0.07511139401654997, 0.030732860520094562, 0.0013962580284836638, 0.05112359550561798, 0.08827586206896551, 0.09306569343065693, 0.06504065040650407, 0.09783010400718019, 0.0, 0.09302325581395349
0.06097560975609756, 0.02631578947368421, 0.07402559627690518, 0.0, 0.0, 0.0, 0.0, 0.15634517766497463, 0.0, 0.0
0.12149532710280374, 0.06705539358600583, 0.12533983816718425, 0.07492598496925529, 0.06691449814126393, 0.09028605482717521, 0.109020116807268, 0.07339449541284404, 0.07940090274928191, 0.09380008976085144
0.06337371854613234, 0.13766461808604039, 0.10434782608695652, 0.018214637348211354, 0.057432432432432436, 0.07211028632025451, 0.011438420557818865, 0.0896, 0.054163298302344384, 0.009675583380762664
0.02582496413199426, 0.08417508417508418, 0.053811659192825115, 0.01910828025477707, 0.14814814814814814, 0.05683060109289618, 0.07692307692307693, 0.09754738015607581, 0.03278322925958965, 0.07661290322580645
0.0768232546067999, 0.0032679738562091504, 0.09090909090909091, 0.046839472487494316, 0.0, 0.09089146034003491, 0.135678391959799, 0.0499675535366645, 0.0, 0.0
0.0, 0.10210696920583469, 0.12413580518737065, 0.015508684863523574, 0.21893491124260356, 0.00333889816360601, 0.0767871170463472, 0.07603953343424451, 0.11371303830125025, 0.09518599562363239
0.0, 0.07142857142857142, 0.04334738109572547, 0.11353483509172133, 0.06867079280872385, 0.1044776119402985, 0.07073310423825888, 0.0928099173553719, 0.10400631537398855, 0.09871377653804432
0.10411140583554376, 0.10710607621009269, 0.05067064083457526, 0.0, 0.0, 0.13492165543084922, 0.0914179104477612, 0.14720616570327552, 0.08774542992552471, 0.045275590551181105
0.06821282401091405, 0.011438420557818865, 0.0, 0.11136778179043477, 0.07353689567430026, 0.002206287920573635, 0.0, 0.0, 0.0, 0.07309236947791165
0.06430868167202572, 0.0, 0.028137890394814378, 0.1724137931034483, 0.07739938080495357, 0.12107503991484832, 0.11188811188811189, 0.075, 0.09460853863020766, 0.06549609810479376
0.15478415249486077, 0.0, 0.12912000565231216, 0.07864500792393027, 0.11772853185595568, 0.11728753476148275, 0.04285714285714286, 0.0, 0.0, 0.0034602076124567475
0.0, 0.13376634403124468, 0.009558132246944531, 0.09273245016714127, 0.054339010543390104, 0.0, 0.16383881230116648, 0.0, 0.0, 0.09334633195223008
0.0, 0.12590448625180897, 0.12641509433962264, 0.1013215859030837, 0.0, 0.0, 0.024974687816402295, 0.11857372231815566, 0.07510326699211416, 0.12048192771084337
0.21893491124260356, 0.12121212121212122, 0.08154296875, 0.0, 0.21593222565180273, 0.19162025644346586, 0.06287425149700598, 0.11803713527851459, 0.0050335570469798654, 0.05752840909090909
0.06756756756756757, 0.04797353184449959, 0.08387762117566173, 0.1901639344262295, 0.07925801011804384, 0.0, 0.04595588235294118, 0.10543390105433902, 0.0, 0.0
0.08609271523178808, 0.10985841636077609, 0.0, 0.0, 0.0499675535366645, 0.11764705882352941, 0.08870967741935484, 0.10424448217317488, 0.0, 0.11030470914127424
0.034482758620689655, 0.1027592768791627, 0.21893491124260356, 0.07691243602157975, 0.07314049586776859, 0.06543494996150885, 0.0853013746915756, 0.0, 0.0, 0.1288200339558574
0.0, 0.04275534441805225, 0.1702857142857143, 0.11060018467220684, 0.01694915254237288, 0.0784313725490196, 0.07042253521126761, 0.07042772861356932, 0.1527599486521181, 0.07432216905901116
0.07493540051679587, 0.07863861571276401, 0.10327455919395466, 0.15122615803814715, 0.0, 0.1016260162601626, 0.035667107001321, 0.07787314213941804, 0.16822429906542055, 0.099161057457809
0.061381074168797956, 0.0684931506849315, 0.003676470588235294, 0.1271662763466042, 0.10244451592151817, 0.059957173447537475, 0.0, 0.07567845218731273, 0.1111111111111111, 0.09918595371109337
0.07947019867549669, 0.21893491124260356, 0.0, 0.1282051282051282, 0.0690978886756238, 0.007614213197969543, 0.07672955974842767, 0.11710963455149502, 0.0, 0.08831615120274915
0.11643316925407043, 0.0017783046828689982, 0.049403747870528106, 0.0, 0.0, 0.08204065461859629, 0.08823529411764706, 0.10234375, 0.017642642642642644, 0.1993983068634996
0.02046079779917469, 0.08639967473063631, 0.17613636363636365, 0.04820229158435401, 0.00675371454299865, 0.10820652880738718, 0.15378623607924044, 0.12636392811296535, 0.0912863070539419, 0.05922551252847381
0.003676470588235294, 0.09401709401709402, 0.16496057545995296, 0.09333333333333334, 0.0, 0.1580254914668395, 0.1333634719710669, 0.1600877192982456, 0.12682926829268293, 0.0694006309148265
0.060335195530726256, 0.0, 0.029239766081871343, 0.07177937287495277, 0.0, 0.08065706902916205, 0.06267029972752043, 0.08650519031141868, 0.00333889816360601, 0.04638472032742155
0.07142857142857142, 0.09326424870466321, 0.06756756756756757, 0.0, 0.125531914893617, 0.13902439024390245, 0.06098099867432612, 0.09488714877936434, 0.04450757575757576, 0.02309918735389068
0.001795654516071108, 0.138442521631644, 0.0888854052359304, 0.0, 0.06912442396313365, 0.0, 0.1088717886079557, 0.062186855290303565, 0.022058823529411766, 0.067853170189099
0.0, 0.06793332138376053, 0.08411214953271028, 0.0, 0.08663594470046083, 0.0, 0.12921348314606743, 0.0, 0.04241071428571429, 0.0
0.11001700832512756, 0.046171829339567504, 0.1252208480565371, 0.05305039787798409, 0.04076086956521739, 0.013513513513513514, 0.12850467289719625, 0.15213358070500926, 0.11689417748242689, 0.0
0.09902146925660874, 0.014225297962322183, 0.02395799146701674, 0.06553245116572148, 0.17193537056550756, 0.016666666666666666, 0.008012820512820512, 0.10964002764927952, 0.0022294284556141062, 0.059602649006622516
0.09777950915465523, 0.07411630558722919, 0.08014184397163121, 0.11908580593424219, 0.06, 0.033338002521361536, 0.09212966397151547, 0.07895248984357896, 0.08996088657105607, 0.10120889748549323
0.0, 0.036757775683317624, 0.07933398628795299, 0.0, 0.037511722413254144, 0.0, 0.0, 0.03613445378151261, 0.093590056056544, 0.07331821617535904
0.0, 0.1464579169442594, 0.0741112828438949, 0.11742526259089685, 0.0, 0.11649347188915535, 0.0, 0.07704569606801276, 0.14839189877384729, 0.0475799835931091
0.0, 0.14805588649409726, 0.0010783608914450035, 0.0, 0.0, 0.15213358070500926, 0.12535652173913042, 0.10450231736923417, 0.06770833333333333, 0.06265769554247266
0.0513595166163142, 0.08458090969772099, 0.265266014692808, 0.0, 0.03165735567970205, 0.0, 0.02748930971288943, 0.13355131493643768, 0.1242603550295858, 0.1318864774624374
0.04660869565217391, 0.15213358070500926, 0.0, 0.0, 0.0, 0.10520910595081874, 0.020793950850661626, 0.03646677471636953, 0.1549954723815273, 0.0
0.10252968508002065, 0.08722216876743963, 0.07459677419354839, 0.0, 0.0, 0.12048192771084337, 0.07894736842105263, 0.09364440868865648, 0.04259634888438134, 0.0
0.15213358070500926, 0.06758080313418217, 0.039377289377289376, 0.12042780748663101, 0.025334839438437954, 0.0670391061452514, 0.08056152776021247, 0.08978278358809333, 0.09663707963495437, 0.08541857723044674
0.06387293004393377, 0.06855636123928807, 0.01875, 0.002414625733011383, 0.09022907900888266, 0.14084507042253522, 0.09638725751913152, 0.14538716459394932, 0.18335496813783336, 0.0
0.12390528705806034, 0.0, 0.12907469668177168, 0.06811594202898551, 0.051643192488262914, 0.0, 0.0, 0.07357438388199317, 0.08303418136413299, 0.0
0.10817645406012925, 0.10402980375695246, 0.05160390516039052, 0.07262569832402235, 0.009433962264150943, 0.0, 0.07206900078409982, 0.1034260897539006, 0.109751283063561, 0.024136178861788617
0.07692307692307693, 0.0729895104895105, 0.12695455828394017, 0.03812549642573471, 0.109751283063561, 0.10244451592151817, 0.05128205128205128, 0.08040804080408041, 0.04479840716774515, 0.0
0.057971014492753624, 0.0834942084942085, 0.0, 0.07895248984357896, 0.05545112781954887, 0.0845771144278607, 0.06462585034013606, 0.033122503328894805, 0.06560283687943262, 0.0
0.13998650371147933, 0.022598228480581423, 0.055054151624548735, 0.0, 0.09090909090909091, 0.08753709198813056, 0.059963207953344554, 0.007866507747318237, 0.11364771558689585, 0.09159366835715384
0.0547945205479452, 0.08090503942406582, 0.1267605633802817, 0.11338905832297903, 0.09883720930232558, 0.0, 0.07716836734693877, 0.08158940397350993, 0.08231396534148827, 0.052980132450331126
0.04519774011299435, 0.06444582814445828, 0.0, 0.008532778355879293, 0.0979020979020979, 0.0, 0.08108108108108109, 0.11407766990291263, 0.15748412709390952, 0.09147857913753461
0.12178362573099415, 0.07552083333333333, 0.07608695652173914, 0.13386907095256761, 0.128, 0.09663865546218488, 0.09361485627066904, 0.08469802174767457, 0.07352941176470588, 0.0
0.17682926829268292, 0.07310284207442133, 0.0, 0.0, 0.08763111888111888, 0.08345231296402056, 0.0, 0.049686192468619245, 3.92156862745098E-4, 0.07644305772230889
0.15774665117132547, 0.04346466541588493, 0.027306501547987617, 0.13196389666977903, 0.08093716719914804, 0.10667664421717801, 0.11283185840707964, 0.0, 0.15404181935762018, 0.056929269695227144
0.0, 0.08656716417910448, 0.0, 0.0, 0.06210526315789474, 0.05050029429075927, 0.036585365853658534, 0.12535152588272055, 0.022222222222222223, 0.07
0.003355704697986577, 0.08475894245723173, 0.07190082644628099, 0.0, 0.057432432432432436, 0.1004835589941973, 0.0, 0.0598119623924785, 0.15213358070500926, 0.1297726026241404
0.07555555555555556, 0.003676470588235294, 0.11248561565017261, 0.10516113399563848, 0.052980132450331126, 0.0670995670995671, 0.05628669771208747, 0.0920250135103837, 0.0, 0.06853582554517133
0.18960244648318042, 0.0, 0.02604288044744815, 0.07249802994483845, 0.11604859335038363, 0.0, 0.1216374269005848, 0.0528169014084507, 0.10822818553403235, 0.02702702702702703
0.030215090474564697, 0.0, 0.09111111111111111, 0.040123456790123455, 0.16383787794472268, 0.10344827586206896, 0.041666666666666664, 0.06318681318681318, 0.08408408408408409, 0.0814516129032258
0.10868759268413247, 0.0013123359580052493, 0.11315971421986633, 0.0, 0.09641255605381166, 0.0, 0.0, 0.07922848664688427, 0.08647798742138364, 0.12949640287769784
0.06256410256410257, 0.10244451592151817, 0.11459332693742671, 0.14578587699316628, 0.015440984035592777, 0.0840565577766943, 0.0, 0.0547945205479452, 0.0888568683957733, 0.06666666666666667
0.0, 0.06342132327733974, 0.10569105691056911, 0.10114068441064639, 0.05482402705626651, 0.03898249091509746, 0.02312925170068027, 0.025571884409689452, 0.060029282576866766, 0.09154228855721393
0.10590858416945373, 0.08710801393728224, 0.07630522088353414, 0.16626311541565778, 0.04827586206896552, 0.015384615384615385, 0.0, 0.029523809523809525, 0.0, 0.15
0.08833317020651854, 0.05120481927710843, 0.09566968781470292, 8.908685968819599E-4, 0.003968253968253968, 0.09813519813519814, 0.1383867119390658, 0.0, 0.10346542861880285, 0.09090909090909091
0.09623133443944062, 0.07924579860636699, 0.0, 0.09641255605381166, 0.11956645750142612, 0.0, 0.06164383561643835, 0.014063284781516826, 0.14201914171040445, 0.07547169811320754
0.0983824928639391, 0.11814965986394557, 0.1465076660988075, 0.043478260869565216, 0.04295987887963664, 0.12819148936170213, 0.09891138944164814, 0.09319147146641996, 0.0967741935483871, 0.0
0.0, 0.10354914196567863, 0.10582606248240924, 0.0, 0.07563025210084033, 0.02702702702702703, 0.0693084938427534, 0.033033903216459, 0.09174311926605505, 0.09586354451444193
0.04776579352850539, 0.102803738317757, 0.07601735178682091, 0.0, 0.07441860465116279, 0.07482574825748257, 0.07142857142857142, 0.08997544763159471, 0.09729099912612875, 0.05215686274509804
0.07739938080495357, 0.06591415830546266, 0.1294062458115534, 0.19718309859154928, 0.07555555555555556, 0.11287758346581876, 0.06711129637348895, 0.11533881148029058, 0.055762081784386616, 0.04223521767381416
0.0017683465959328027, 0.12352941176470589, 0.04819277108433735, 0.038539553752535496, 0.10959885386819485, 0.06896026792510275, 0.0035087719298245615, 0.0, 0.09937888198757763, 0.06896551724137931
0.11554384644335718, 0.13647342995169082, 0.0, 0.02247191011235955, 0.09287585565790586, 0.0, 0.07156890261015998, 0.06357856494096276, 0.07591456967646437, 0.024527997418105536
0.04965889259082976, 0.08691674290942361, 0.04891304347826087, 0.08658008658008658, 0.0, 0.0, 0.06688963210702341, 0.09090909090909091, 0.01926836079307456, 0.07142857142857142
0.05115592720118052, 0.05581395348837209, 0.0, 0.09090909090909091, 0.1201923076923077, 0.1079136690647482, 0.021825396825396824, 0.08700016730801405, 0.08256162775531499, 0.10952669902912622
0.14479468980776414, 0.052980132450331126, 0.13793103448275862, 0.0, 0.06785714285714285, 0.0625, 0.0932475884244373, 0.06172839506172839, 0.0, 0.10345554150863885
0.1229168360295911, 0.034574468085106384, 0.09100418410041841, 0.09238728750923873, 0.1223883762859264, 0.0, 0.07692307692307693, 0.0641025641025641, 0.21893491124260356, 0.0
0.0, 0.08290155440414508, 0.10557713651498335, 0.038525963149078725, 0.003397662408263115, 0.075, 0.010517090271691499, 0.011972274732199117, 0.08981064021641118, 0.11071558963125228
0.0967741935483871, 0.08649789029535865, 0.08368200836820083, 0.0, 0.13662198391420913, 0.14087559601213698, 0.0, 0.10506980161645849, 0.07064128256513026, 0.11144703919933278
0.10384913459054508, 0.0, 0.1702127659574468, 0.059282371294851796, 0.08579881656804733, 0.0, 0.10841889117043121, 0.1, 0.10465116279069768, 0.08695652173913043
0.09154704944178628, 0.12048192771084337, 0.21893491124260356, 0.0, 0.10468095902575161, 0.10382978723404256, 0.03345539280958722, 0.11533052039381153, 0.08587100435029317, 0.10260311020960108
0.0, 0.0, 0.11003236245954692, 0.15213358070500926, 0.13013652338469855, 0.12800702370500439, 0.0, 0.0, 0.04871794871794872, 0.13355370644781336
0.0, 0.0, 0.039067538929328294, 0.08451957295373666, 0.007838745800671893, 0.12139743001376778, 0.21893491124260356, 0.10446821900566394, 0.021748222501045588, 0.10328638497652583
0.16346153846153846, 0.012823868097356713, 0.013568521031207599, 0.025, 0.05084745762711865, 0.08970099667774087, 0.0, 0.0, 0.046153846153846156, 0.0
0.05514705882352941, 0.0, 0.11077357057610936, 0.17613636363636365, 0.00684931506849315, 0.10351264211776684, 0.06667867002760773, 0.0, 0.0, 0.08354852417219626
0.015375153751537515, 0.0673758865248227, 0.1883656509695291, 0.066815144766147, 0.21893491124260356, 0.08717105263157894, 0.08860759493670886, 0.0, 0.007863695937090432, 0.07471698113207548
0.0, 0.14925373134328357, 0.0, 0.0, 0.11169744942832015, 0.00561078846343144, 0.19718309859154928, 0.026348808030112924, 0.022222222222222223, 0.06896551724137931
0.022010118395660565, 0.11888695652173913, 0.072992700729927, 0.052980132450331126, 0.11144654088050314, 0.0, 0.09666158923584667, 0.0, 0.12612031261203127, 0.06328502415458938
0.10101010101010101, 0.07661290322580645, 0.07208134895095894, 0.15079365079365079, 0.0, 0.0625, 0.1510715363718684, 3.3467202141900936E-4, 0.060558395595753045, 0.09350087112612851
0.0, 0.09641255605381166, 0.0, 0.0, 0.0024752475247524753, 0.0, 0.061381074168797956, 0.064343163538874, 0.10947763528307788, 0.2514072340188374
0.05612244897959184, 0.0, 0.07520435967302452, 0.0, 0.07747747747747748, 0.10488639900404606, 0.0, 0.0693084938427534, 0.0975609756097561, 0.06944037503662467
0.12716242059217903, 0.004357298474945534, 0.15213358070500926, 0.0, 0.06271186440677966, 0.0, 0.17827298050139276, 0.0, 0.10045281220209723, 0.08095238095238096
0.11131386861313869, 0.06992230854605994, 0.06273525721455459, 0.08736602793114648, 0.14747615356628754, 0.0564373897707231, 0.138442521631644, 0.03837471783295711, 0.09588055405648498, 0.038945083746263154
0.0, 0.04943502824858757, 0.10702479338842975, 0.08650742414460942, 0.0, 0.027430340557275543, 0.08657243816254417, 0.003676470588235294, 0.05250596658711217, 0.07142857142857142
0.0, 0.0046383782855179525, 0.08287831513260531, 0.11764705882352941, 0.0898876404494382, 0.08333333333333333, 0.05413533834586466, 0.0, 0.10260311020960108, 0.0034531559581092554
0.11235276351555422, 0.02857142857142857, 0.13541134389371487, 0.0, 0.009345794392523364, 0.09090909090909091, 0.08396946564885496, 0.026106812992058893, 0.08249909540465565, 0.12111752770407366
0.06239168110918544, 0.0022675736961451248, 0.0, 0.06259314456035768, 0.06635071090047394, 0.11114519427402864, 0.0, 0.07801418439716312, 0.07560543414057885, 0.0
0.08298473713962691, 0.10462287104622871, 0.0, 0.07692307692307693, 0.10244451592151817, 0.08906798925397809, 0.2049567269866247, 0.10608486789431545, 0.06727721028531172, 0.0
0.09364548494983277, 0.1506849315068493, 0.10652750165672631, 0.09547738693467336, 0.0, 0.09466728138927309, 0.058069381598793365, 0.15213358070500926, 0.08019564414913252, 0.0
0.10739341608202914, 0.056818181818181816, 0.0781563126252505, 0.010040160642570281, 0.03718809980806142, 0.09049773755656108, 0.12900106100297645, 0.011686991869918699, 0.11913303437967115, 0.0
0.06801007556675064, 0.08917682926829268, 0.16397699870153962, 0.0, 0.07614213197969544, 0.14702072538860103, 0.05639097744360902, 0.0, 0.21893491124260356, 0.07801398601398601
0.08333333333333333, 0.14277777777777778, 0.0, 0.13282732447817835, 0.10206422018348624, 0.08139388602339917, 0.01220865704772475, 0.08953804347826087, 0.023184868822452714, 0.06599836789198413
0.11885895404120443, 0.0, 0.02359882005899705, 0.07248520710059171, 0.07142857142857142, 0.15079365079365079, 0.0, 0.06806418219461698, 0.08759342301943199, 0.15213358070500926
0.14202334630350194, 0.0047694753577106515, 0.09177820267686425, 0.009380863039399626, 0.08651226158038147, 0.12929087227742472, 0.1250334403424291, 0.08899297423887588, 0.0, 0.002331002331002331
0.1299962990377498, 0.07446808510638298, 0.06284153005464481, 0.0, 0.10494958753437214, 0.0582010582010582, 0.0594059405940594, 0.0784313725490196, 0.10563707280832095, 0.014173228346456693
0.11351259360108917, 0.12618796198521648, 0.06260032102728733, 0.11698638883245785, 0.0, 0.11899529042386185, 0.11678832116788321, 0.09912149842532737, 0.0, 0.06697819314641744
0.0, 0.0, 0.06517909571344686, 0.08327645051194539, 0.07165932452276065, 0.05667060212514758, 0.003676470588235294, 1.6737802326554523E-4, 0.07352941176470588, 0.08064516129032258
0.0, 0.0824332006822058, 0.11075544174135724, 0.0, 0.09489418878065166, 0.051418439716312055, 0.0, 0.0033783783783783786, 0.0, 0.06549423893268648
0.0, 0.022304832713754646, 0.014131897711978465, 8.299903167796376E-5, 0.0967741935483871, 0.01389854065323141, 0.0, 0.06074586697424068, 0.02620215897939156, 0.09026258205689278
0.13530927835051546, 0.13432835820895522, 0.06589958158995816, 0.07200664038182196, 0.15770144739684597, 0.012307187397440106, 0.05913978494623656, 0.07735583684950774, 0.06893165750196387, 0.0722077922077922
0.00333889816360601, 0.0, 5.977286312014345E-4, 0.053691275167785234, 0.09872675422741696, 0.0787037037037037, 0.0762081784386617, 6.257822277847309E-4, 0.07130584192439862, 0.10876132930513595
9.448818897637795E-4, 0.08262002232973577, 0.04665314401622718, 0.0, 0.06572769953051644, 0.005894962486602358, 0.006211180124223602, 0.11142005958291956, 0.0968044012641929, 0.13696114843717397
0.02305593451568895, 0.0, 0.0, 0.0, 0.013513513513513514, 0.006096734859775098, 0.051333467014237015, 0.0890892696122633, 4.158004158004158E-4, 0.0
0.0, 0.07807867167424393, 0.0, 0.01818181818181818, 0.08358061325420375, 0.020940339786645595, 0.053691275167785234, 0.00510204081632653, 0.11773700305810397, 0.0
0.11139350126134268, 0.07393830405311938, 0.08072021764032074, 0.0, 0.11421795509314157, 0.11857707509881422, 0.06563706563706563, 0.006314127861089187, 0.13530089923910538, 0.11554471077938855
0.002325581395348837, 0.0835130970724191, 0.05090696313633704, 0.014909390444810544, 0.12533670033670033, 0.138442521631644, 0.07902951191827469, 0.043373493975903614, 0.09226123065307663, 0.1353819139596137
0.09049953623956539, 0.10101010101010101, 0.0707070707070707, 0.06623436776285317, 0.07722486062358043, 0.09598214285714286, 0.09766899766899767, 0.12547857231073237, 0.0881057268722467, 0.07547169811320754
0.0, 0.08678500986193294, 0.0, 0.06091030789825971, 0.08284023668639054, 0.11052670027029002, 0.0, 0.0625, 0.07432772686071105, 0.0
0.0, 0.08912537412703692, 0.09297717388507167, 0.0, 0.06013456686291001, 0.0, 0.0, 0.12244897959183673, 0.07177033492822966, 0.0
0.061946902654867256, 0.07216992517499396, 0.001869158878504673, 0.1076837416481069, 0.0, 0.10900588567282109, 0.11026374324753734, 0.10909090909090909, 0.19631604459524965, 0.0
0.02, 0.0, 0.09101626974770101, 0.05752469494479954, 0.09652361175203815, 0.0, 0.0797872340425532, 0.09123549400525742, 0.07608695652173914, 0.023969319271332695
0.0713634587836958, 0.08408408408408409, 0.09948615945632355, 0.060687795010114634, 0.014384566995177187, 0.0, 0.09632295647656859, 0.06325134085444793, 0.0, 0.10299553855959209
0.0, 0.07218336061913976, 0.0, 0.0, 0.07240794946849484, 0.0687732342007435, 0.10379550735863671, 0.04672950261185555, 0.10958748866727108, 0.138442521631644
0.08235294117647059, 0.0894919168591224, 0.0014285714285714286, 0.09751798053871104, 0.09799346710219319, 0.050387596899224806, 0.0, 0.10886644219977554, 0.0, 0.0
0.0, 0.16348773841961853, 0.0518769131625584, 0.007168458781362007, 0.0416210295728368, 0.07677419354838709, 0.0, 0.0, 0.04142441860465116, 0.0
0.13312852022529442, 0.0, 0.08880368098159509, 0.01788154452816929, 0.0673828125, 0.1282051282051282, 0.04057480980557904, 0.0, 0.06926159129937035, 0.10432114548708771
0.09326424870466321, 0.12028577316754825, 0.07550899387230678, 0.12941221171017137, 0.08477227952254027, 0.06185403084751153, 0.10013373453694417, 0.00333889816360601, 0.028780372729417317, 0.09057971014492754
0.0, 0.08102831109664822, 0.0, 0.0967741935483871, 0.01068503888281524, 0.1084855228993476, 0.08084772370486656, 0.11857707509881422, 0.14578587699316628, 0.0
0.06682705159048383, 0.05026109660574413, 0.09925872355812693, 0.06382978723404255, 0.09090909090909091, 0.08321476639107864, 0.0, 0.046242774566473986, 0.07058052298055212, 0.014234875444839857
0.0031620553359683794, 0.05894962486602358, 0.07226107226107226, 0.09249889036839769, 0.08997050147492626, 0.15296251511487305, 0.11274823830877642, 0.11133200795228629, 0.0, 0.05738786279683377
0.046193327630453376, 0.07721639656816015, 0.07784030010718114, 0.2138728323699422, 0.060935799782372145, 0.0, 0.113851321488553, 0.0, 0.0, 0.15547703180212014
0.09959825912286575, 0.0635593220338983, 0.075, 0.0836461126005362, 0.12575859743762643, 0.09781696053736356, 0.05847953216374269, 0.0483619344773791, 0.06706340123598077, 0.03336455162725357
0.003676470588235294, 0.0, 0.09185369908561929, 0.10195320884309937, 0.11600314712824547, 0.09774436090225563, 0.061258278145695365, 0.0782122905027933, 0.09886547811993517, 0.12152363469481413
0.13651277243965315, 0.014613085353703089, 0.07075471698113207, 0.05965909090909091, 0.05067064083457526, 0.06461538461538462, 0.0, 0.05038117335101094, 0.09199483537766301, 0.015508684863523574
0.04148148148148148, 0.09271523178807947, 0.06538252848616387, 0.0, 0.0727470141150923, 0.08421052631578947, 0.10344827586206896, 0.0, 0.07962619709607661, 0.0
0.07910632413943672, 0.0, 0.09693877551020408, 0.01174496644295302, 0.14925373134328357, 0.13167884865998072, 0.08350877192982456, 0.033338002521361536, 0.14578587699316628, 0.01060776238612255
0.05007153075822604, 0.11063000649491232, 0.0, 0.06282722513089005, 0.08426966292134831, 0.0, 0.09049773755656108, 0.09615384615384616, 0.12621935702773773, 0.09049773755656108
0.0, 0.0525, 0.052562417871222074, 0.0, 0.06862745098039216, 0.15, 0.0980327868852459, 0.13993627190653213, 0.0, 0.0
5.959475566150178E-4, 0.0, 0.18248175182481752, 0.0, 7.189072609633358E-4, 0.09285169168150598, 0.15011655011655012, 0.10718424101969873, 0.017772941603191875, 0.0
0.10464415300795069, 0.10393466963622866, 0.0, 0.03765932792584009, 0.027306501547987617, 0.11583924349881797, 0.08150851581508516, 0.0, 0.10661451357603799, 0.0
0.059386341141537444, 0.0, 0.036757775683317624, 0.21893491124260356, 0.09253065774804906, 0.09671575052039165, 0.09640877319836105, 0.0021547854192853293, 0.0, 0.11541218637992831
0.022591576569307728, 0.0, 0.08014717645176772, 0.0, 0.09249304911955514, 0.049723756906077346, 0.11131478450627387, 0.18654073199527746, 0.09453364604005052, 0.10244451592151817
0.1413934426229508, 0.0, 0.1263225806451613, 0.103954802259887, 0.046193327630453376, 0.07142857142857142, 0.0, 0.023085379259802124, 0.1066833402806725, 0.09426379247351115
0.020833333333333332, 0.06152961472110408, 0.13597985483632055, 0.08997429305912596, 0.08923761564586018, 0.10020055391080127, 0.0, 0.0, 0.0883054892601432, 0.11930382707962946
0.0, 0.05050029429075927, 0.0, 0.07202255109231853, 0.10687960687960688, 0.05664160401002506, 0.10721942463977664, 0.1079136690647482, 0.107305690181296, 0.02442868400315209
0.0, 0.06688351290912788, 0.05772331505965817, 0.15079365079365079, 0.04202483285577841, 0.06432459178624443, 0.07586060348491287, 0.0, 0.049253731343283584, 0.07561915244909191
0.07371939878349168, 0.0, 0.09868421052631579, 0.0967741935483871, 0.0, 0.07075471698113207, 0.07733906898141035, 0.0, 0.07044625315745158, 0.006282934738548845
0.075, 0.0, 0.08144796380090498, 0.11716621253405994, 0.08770516564293626, 0.08012031719989061, 0.10884353741496598, 0.06842923794712286, 0.06866815713829448, 0.09367945823927765
0.07338663620788122, 0.0, 0.0, 0.0, 0.0, 0.011217282924802658, 0.21666666666666667, 0.03607969843834141, 0.0, 0.06629834254143646
0.05843293492695883, 0.04666949512091642, 0.0990990990990991, 0.0920353982300885, 0.08080808080808081, 0.0, 0.06636155606407322, 0.06844106463878327, 0.04878048780487805, 0.06504354007464012
0.06811594202898551, 0.05042016806722689, 0.09896374071970068, 0.030732860520094562, 0.0, 0.09293478260869566, 0.06547619047619048, 0.0, 0.09049773755656108, 0.08388157894736842
0.0, 0.0, 0.004651162790697674, 0.03617372182517867, 0.09150197628458498, 0.08396946564885496, 0.0935766799948407, 0.10785953177257525, 0.0, 0.08130081300813008
0.0, 0.0015082956259426848, 0.07456140350877193, 0.1625, 0.03531073446327684, 0.02845927379784102, 0.11032630322323915, 0.048701298701298704, 0.10152473038304202, 0.04776119402985075
0.07154818084944436, 0.1250736160188457, 0.08071748878923767, 0.0, 0.0, 0.0, 0.07480314960629922, 0.15213358070500926, 0.0, 0.10566487775790101
0.0, 0.0499675535366645, 0.08571428571428572, 0.07429130009775171, 0.0, 0.09211743512342373, 0.0, 0.043812451960030745, 0.0050335570469798654, 0.0
0.08067375886524823, 0.11119496855345912, 0.0, 0.0, 0.01195219123505976, 0.08363636363636363, 0.0024752475247524753, 0.10642872500537519, 0.13335288941038428, 0.075
0.08748906386701662, 0.06860054880439044, 0.0, 0.10417551309271054, 0.06290190958054513, 0.06944033165531537, 0.11810595823523676, 0.07352941176470588, 0.12786177105831534, 0.0
0.09534368070953436, 0.01016260162601626, 0.03481012658227848, 0.0, 0.01335051716731106, 0.0, 0.07042253521126761, 0.0, 0.05, 0.07791411042944785
0.06862745098039216, 0.16062421185372006, 0.0, 0.21893491124260356, 0.0, 0.10173263392147512, 0.12402799377916018, 0.07253886010362694, 0.0, 0.0
0.07692307692307693, 0.0026560424966799467, 0.008736894658012981, 0.12148268398268398, 0.07453416149068323, 0.05824698963875665, 0.13438078814587726, 0.06616052060737528, 0.1358133392031697, 0.12048192771084337
0.0693084938427534, 0.06004901960784314, 0.04419889502762431, 0.0, 0.0066518847006651885, 0.0, 0.075, 0.0689121176926055, 0.10446631339894019, 0.0
0.0, 0.09236207161518364, 0.026662760035159685, 0.0729895104895105, 0.05894736842105263, 0.1259051412020275, 0.10540592908351094, 0.12792978550640013, 0.13719663199603765, 0.0945945945945946
0.042179319371727746, 0.0952550838387442, 0.06461538461538462, 0.0416210295728368, 0.02681992337164751, 0.0, 0.0, 0.12295321637426901, 0.0438957475994513, 0.06387035271687322
0.06837606837606838, 0.06119402985074627, 0.0, 0.0010316368638239339, 0.0, 0.09014947934161908, 0.0873015873015873, 0.0, 0.0, 0.0
0.0, 0.07603938730853392, 0.07153164296021439, 0.14746543778801843, 0.07142857142857142, 0.0, 0.13597365945437442, 0.043824701195219126, 0.10602604315179165, 0.037096774193548385
0.0, 0.10069868721997681, 0.0, 0.01138353765323993, 0.06786558151745865, 0.08333333333333333, 0.10486987889719145, 0.0, 0.0024293956878226543, 0.06842923794712286
0.0, 0.0384180790960452, 0.0, 0.0, 0.0, 0.12135513231080398, 0.10820717131474103, 5.959475566150178E-4, 0.07821072863882579, 0.0
0.0, 0.06563706563706563, 0.038461538461538464, 0.11378164152390693, 0.092854829687638, 0.0, 0.061274509803921566, 0.1235632183908046, 6.017881705639615E-4, 0.0
0.08181818181818182, 0.04930774836045664, 0.0, 0.0, 0.0, 0.16531685730984386, 0.11857707509881422, 0.21142857142857144, 0.07441860465116279, 0.0033783783783783786
0.10304616849119468, 0.10244451592151817, 0.0, 0.0, 0.10222502099076407, 0.006349206349206349, 0.09135738385673502, 0.12441156691324814, 0.11534512264689105, 0.09801666283268155
0.0611353711790393, 0.1453024743240196, 0.0, 0.08318074810358357, 0.07991732690320358, 0.11950549450549451, 0.1179197450383891, 0.0, 0.06912442396313365, 0.1291991495393338
0.08367626886145405, 0.013333333333333334, 0.14746543778801843, 0.11823584610572412, 0.0, 0.0805557325855586, 0.059602649006622516, 0.0, 0.0, 0.0
0.0, 0.0, 0.11010533245556287, 0.08722559551611396, 0.0, 0.0, 0.0, 0.07608695652173914, 0.21893491124260356, 0.0
0.08476517754868271, 0.0, 6.242197253433209E-4, 0.10351882160392799, 0.13074204946996468, 0.052106160214268324, 0.0, 0.14925373134328357, 0.0821917808219178, 0.11787771106482049
0.09764035801464606, 0.08881578947368421, 0.0036363636363636364, 0.0, 0.005607476635514018, 0.07243448058099147, 0.028560072677719737, 0.05964585274930102, 0.0, 0.10770855332629356
0.10270717090307915, 0.07001972386587771, 0.08386004514672686, 0.09694545454545454, 0.08765678449258837, 0.07142857142857142, 0.08853268537388305, 0.0, 0.0, 0.08158330151457299
0.13053627005027532, 0.052980132450331126, 0.06496062992125984, 0.06688351290912788, 0.10573905862923204, 0.05078125, 0.026366888094021462, 0.0, 0.11587982832618025, 0.10273972602739725
0.15498661093331592, 0.027430340557275543, 0.07142857142857142, 0.0, 0.05578734056502563, 0.045653229723166586, 0.11627906976744186, 0.0, 0.16780647136878638, 0.0738255033557047
0.2593701745355856, 0.03376304481276857, 0.09641255605381166, 0.07899343544857768, 0.08599916909015372, 0.0, 0.002195704057279236, 0.1101934694501797, 0.11235955056179775, 0.13122605363984674
0.06788837984173261, 0.14746543778801843, 0.08108108108108109, 0.14554888039322775, 0.07482236109922095, 0.11857707509881422, 0.03888888888888889, 0.10827250608272507, 0.0, 0.08424507658643327
0.16887186629526463, 0.0, 0.15323435843054084, 0.09764637230110873, 0.048818897637795275, 0.1387439109255393, 0.0, 0.06748466257668712, 0.06926159129937035, 0.07044334975369458
0.06636155606407322, 0.0, 0.14925373134328357, 0.10162277201383346, 0.10344827586206896, 0.0, 0.11883370062722495, 0.11214548603593852, 0.061224489795918366, 0.08350877192982456
0.0, 0.06683104074746951, 0.04507337526205451, 0.21893491124260356, 0.1421486342133374, 0.0547945205479452, 0.0, 0.0636042402826855, 0.10049893086243764, 0.01632208922742111
0.0, 0.08003108003108003, 0.06388888888888888, 0.05026109660574413, 0.0, 0.0, 0.08896210873146623, 0.10488639900404606, 0.15013901760889714, 0.0
0.08517002518891688, 0.0, 0.12345469940728196, 0.0, 0.20298977183320221, 0.07113054843412256, 0.11202466598150052, 0.07297230668091051, 0.06902654867256637, 0.0
0.0, 0.11447134349137597, 0.11535175163771005, 0.0841300191204589, 0.0, 0.03979460847240052, 0.10714186466583299, 0.06629834254143646, 0.0, 0.0
0.10412573673870335, 0.0, 0.055823569951757405, 0.07142857142857142, 0.07849512308406874, 0.059421841541755886, 0.15079365079365079, 0.11732081911262798, 0.12903225806451613, 0.0
0.015845824411134905, 0.04030393128510076, 0.15213358070500926, 0.15079365079365079, 0.1991550995775498, 0.0, 0.14746543778801843, 0.08808290155440414, 0.0, 0.11826953003423592
0.07194244604316546, 0.09377039669301618, 0.11889174655132102, 0.0, 1.9093078758949882E-4, 0.10771369006254343, 0.10088708464892497, 0.04997622444127437, 0.09302325581395349, 0.1034430912644715
0.07142857142857142, 0.09816794417901213, 0.1292517006802721, 0.08016877637130802, 0.09749909387459224, 0.16291491797024035, 0.11171897494961129, 0.10105820105820106, 0.0, 0.10830801743494915
0.15079365079365079, 0.09118931415360904, 0.03296078802803561, 0.0, 9.551098376313276E-4, 0.0908445706174592, 0.002551020408163265, 0.14448903982710712, 0.09698996655518395, 0.0
0.13875984649565745, 0.07665505226480836, 0.0, 0.092, 0.05521172638436482, 0.15026511134676565, 0.042131350681536554, 0.0128928283642224, 0.07253886010362694, 0.07591456967646437
0.1405333741267656, 0.06800348735832606, 0.0, 0.08522727272727272, 0.10244451592151817, 0.0, 0.04566794707639778, 0.10666666666666667, 0.08035714285714286, 0.0
0.0, 0.0, 0.09049773755656108, 0.08424507658643327, 0.0, 0.022508038585209004, 0.07986348122866894, 0.11310531662715882, 0.10457967811010568, 0.0
0.12745098039215685, 0.06832298136645963, 0.08814102564102565, 0.0, 0.0, 0.0694006309148265, 0.04151624548736462, 0.13340172498955127, 0.06086079354404842, 0.07486737071743765
0.07863861571276401, 0.0, 0.01839752407152682, 0.08150280260566581, 0.0, 0.116921768707483, 0.043333333333333335, 0.06953428201811125, 0.1274885011060005, 0.028985507246376812
0.024630541871921183, 0.11869436201780416, 0.049597855227882036, 0.06978851963746223, 0.06904761904761905, 0.0, 0.0, 0.09905068059671505, 0.0, 0.07533601575207602
0.0, 0.18292178231480205, 0.07407407407407407, 0.04699537750385208, 0.08032128514056225, 0.0, 0.09283990345937249, 0.12345891146526913, 0.0, 0.06850357740904248
0.07159239842726081, 3.924646781789639E-4, 0.04524886877828054, 0.0, 0.0, 0.08413461538461539, 0.051171875, 0.08235294117647059, 0.09562297450314318, 0.1280878316559927
0.06797497155858931, 0.0, 0.14746543778801843, 0.0, 0.15213358070500926, 0.055078183014024146, 0.0, 0.009009009009009009, 0.06496062992125984, 0.15165441176470587
0.002564102564102564, 0.0, 0.07441860465116279, 0.0, 0.0916371763829391, 0.0, 0.10332871012482663, 0.0, 0.047503566333808846, 0.0
0.060670343657191345, 0.03456368679325795, 0.15931076178960096, 0.07608695652173914, 0.04798464491362764, 0.0, 0.0883054892601432, 0.03468208092485549, 0.18591380087100165, 0.07513812154696133
0.024974687816402295, 0.13836508711936166, 0.0, 0.0, 0.07807807807807808, 0.0734341252699784, 0.0, 0.04617860016090104, 0.10732274312282061, 0.08275862068965517
0.14925373134328357, 0.05245683930942895, 0.0, 0.10766423357664233, 0.07471698113207548, 0.06688351290912788, 0.09233791748526522, 0.09703851106168793, 0.0, 0.0379191476026324
0.12273127753303965, 0.09692780337941628, 0.05439739413680782, 0.13068181818181818, 0.11840562719812427, 0.200836820083682, 0.0, 0.0, 0.005003573981415297, 0.16417910447761194
0.08051864895149671, 0.08823529411764706, 0.07625201938610662, 0.0893640350877193, 0.05019059720457433, 0.06962025316455696, 0.11627906976744186, 0.005845816587504567, 0.0, 0.0
0.041916167664670656, 0.09438107308829742, 0.08265387689848122, 0.06904231625835189, 0.10391690308410359, 0.10431654676258993, 0.06256410256410257, 0.15452287311115712, 0.034440842787682335, 0.0984182776801406
0.08545454545454545, 0.0, 0.05063291139240506, 0.002244668911335578, 0.0, 0.07142857142857142, 0.0, 0.0946202215789999, 0.038348082595870206, 0.032831336337986884
0.11915438821268418, 0.05007153075822604, 0.06211687780956273, 0.09684684684684684, 0.026578073089700997, 0.06965458178703968, 0.0, 0.06206896551724138, 0.078125, 0.06291706387035272
0.00375234521575985, 0.015515903801396431, 0.057432432432432436, 0.075, 0.08227582029997506, 0.09824771787278823, 0.11951748584730966, 0.0, 0.06222222222222222, 0.06635622817229336
0.0, 0.09781696053736356, 0.09155920281359906, 0.09939789774466783, 0.09864725535379258, 0.05596107055961071, 0.18099547511312217, 0.08823529411764706, 0.09753714634642785, 0.08082659647803472
0.0, 0.10175497806277421, 0.05196304849884527, 0.05781057810578106, 0.0787037037037037, 0.0041841004184100415, 0.0890557939914163, 0.08646616541353383, 0.09826755804758824, 0.07807807807807808
0.08119508931168906, 0.13715898400752588, 0.0, 0.035667107001321, 0.08888888888888889, 0.11911745950771585, 0.13685550604710375, 0.006502242152466368, 0.09326424870466321, 0.10771033727018142
0.09026258205689278, 0.0, 0.06465446148771235, 0.009059233449477353, 0.0868302130406714, 0.0, 5.656108597285068E-4, 0.0, 0.08735632183908046, 0.05067064083457526
0.03663366336633663, 0.09565217391304348, 0.16118076020178812, 0.12944547929502795, 0.0, 0.0, 0.17307692307692307, 0.09649749821300929, 0.0, 0.0
0.08029197080291971, 0.14375577510839435, 0.08333333333333333, 0.08417508417508418, 0.10158794788273616, 0.005735140771637122, 0.05925925925925926, 0.08163265306122448, 0.02219516245087729, 0.10773438687129616
0.0, 0.015598539578963722, 0.07526069215656642, 0.0, 0.05026109660574413, 0.21893491124260356, 0.08753647353063776, 0.11342351716961499, 0.11038280486721734, 0.0
0.08008391608391609, 0.08910295003010235, 0.0, 0.06726457399103139, 0.058931860036832415, 0.12729923732615522, 0.07591300779647107, 0.048104956268221574, 0.07992715499797652, 0.0
0.099399235390497, 0.0, 0.03668261562998405, 0.0, 0.13793103448275862, 0.048701298701298704, 0.08333333333333333, 0.09126559714795009, 0.07054871220604703, 0.09011943539630836
0.0, 0.017336485421591805, 0.0, 0.030303030303030304, 0.049951969260326606, 0.10742761225346202, 0.09892371003482114, 0.002244668911335578, 0.08108108108108109, 0.1032885595182955
0.1508989557980686, 0.050505050505050504, 0.1295489341655871, 0.0, 0.141139896373057, 0.0, 0.10817307692307693, 0.0, 0.09781696053736356, 0.08267640838300327
0.033033903216459, 0.0, 0.0, 0.0, 0.0, 0.07555555555555556, 0.0, 0.09260355029585798, 0.03812549642573471, 0.0
0.12334976485919882, 0.048818897637795275, 0.12048192771084337, 0.10066721292286082, 8.908685968819599E-4, 0.05014749262536873, 0.004091341579448145, 0.0085667215815486, 0.10436432637571158, 0.0793171114599686
0.08571428571428572, 0.07888085069293123, 0.060085836909871244, 0.14717741935483872, 0.060714285714285714, 0.0, 0.125, 0.1223021582733813, 0.0684931506849315, 0.0
0.037937743190661476, 0.015030946065428824, 0.09090909090909091, 0.05384615384615385, 0.0, 0.15467239527389903, 0.05786280914605693, 0.07619990103908957, 0.1000232432013636, 0.07030527289546716
0.15213358070500926, 0.0999113475177305, 0.0952880955505972, 0.047694943618759214, 0.03277310924369748, 0.0, 0.06862745098039216, 0.191131498470948, 0.06471631205673758, 0.0
0.09970612930310663, 0.06521739130434782, 0.09314938154138916, 0.08064516129032258, 0.15331010452961671, 0.08086610693769333, 0.07108952423004747, 0.1030812324929972, 0.05761316872427984, 0.054673721340388004
0.0, 0.11095462617108566, 0.07622739018087855, 0.08228180862250263, 0.21142857142857144, 0.05007153075822604, 0.004731182795698925, 0.09513984410820725, 0.09967368733313557, 0.0
0.08223684210526316, 0.06321839080459771, 0.0, 0.15053645116918846, 0.0, 0.05612244897959184, 0.04990757855822551, 0.0, 0.07142857142857142, 0.08108108108108109
0.08754974417282547, 9.46073793755913E-4, 0.06914737767360093, 0.0896, 0.0, 0.0611353711790393, 0.0, 0.07777777777777778, 0.08015375049460177, 0.05007153075822604
0.0895039539899353, 0.06682705159048383, 0.012658227848101266, 0.0, 0.15356127809835501, 0.03724053724053724, 0.0, 0.0, 0.12084116114174899, 0.11817726589884828
0.0, 0.0, 0.0, 0.0, 0.06839588465439791, 0.10950472373318065, 0.0, 7.84313725490196E-4, 0.008736894658012981, 0.0
0.05692803437164339, 0.09540983606557377, 0.07692307692307693, 0.04240882103477523, 0.0, 0.07129686539643516, 0.09416164554332017, 0.04519774011299435, 0.0631768953068592, 0.11018577834721333
0.07723577235772358, 0.0, 0.10353753235547886, 0.08641975308641975, 0.0, 0.08985218402258761, 0.0, 0.07655781406197934, 0.041666666666666664, 0.0
0.011721741179242505, 0.0, 0.07116200169635284, 0.08871048670346211, 0.0, 0.0, 0.10185185185185185, 0.11145391438488238, 0.06293222683264177, 0.06962025316455696
0.07751027598355843, 0.04202483285577841, 0.05375754251234229, 0.0, 0.006349206349206349, 0.054474708171206226, 0.13218390804597702, 0.0, 0.08377659574468085, 0.051418439716312055
0.11047552725825706, 0.17058552328261872, 0.07953603976801989, 0.12044817927170869, 0.0037056643726839597, 0.15158924205378974, 0.10190992018244013, 0.03333333333333333, 0.0, 0.0
0.07852564102564102, 0.0, 0.10680811618086311, 0.089764240738029, 0.08277027027027027, 0.008816787162757892, 0.10244451592151817, 0.07086614173228346, 0.0, 0.12326254145205673
0.0, 0.0790273556231003, 0.11368421052631579, 0.07777777777777778, 0.08220250521920668, 0.0686427457098284, 0.15213358070500926, 0.10469528982811221, 0.0, 0.0
0.03172559119644112, 0.055449330783938815, 0.0, 0.049367088607594936, 0.013236916288760878, 0.003676470588235294, 0.10816140776699029, 0.0, 0.07925801011804384, 0.07132564841498559
0.010484273589615577, 0.11011523687580026, 0.06995185499858397, 0.0, 0.0694996859953946, 0.057432432432432436, 0.1807909604519774, 0.21893491124260356, 0.0968212306794984, 0.0
0.0, 0.08823529411764706, 0.08367626886145405, 0.0, 0.1500345579243979, 0.0889501810032753, 0.07213930348258707, 0.21666666666666667, 0.07184564610307184, 0.05917159763313609
0.0031517334533993696, 0.0850079744816587, 0.09407971864009379, 0.14210710535526777, 0.02623062510645546, 0.07763819095477387, 0.058935361216730035, 0.0, 0.1305405157382766, 0.08267716535433071
0.09295639674173455, 0.08310038119440914, 0.0, 0.0657433510145035, 0.05504587155963303, 0.0768376787216148, 0.0718562874251497, 0.07142857142857142, 0.04295987887963664, 0.11555934128336173
0.07335907335907337, 0.09693877551020408, 0.10452249218186192, 0.06097560975609756, 0.07852193995381063, 0.12398989898989898, 0.0, 0.0673758865248227, 0.04975124378109453, 0.05707196029776675
0.0, 0.0, 0.0, 0.12048192771084337, 0.0, 0.004553215708594195, 0.020833333333333332, 0.05894962486602358, 0.06229508196721312, 0.0
0.06451612903225806, 0.08060049555458387, 0.08546306187854384, 0.08596134282807731, 0.0483619344773791, 0.08873974645786727, 0.07668145784514134, 0.12319121921531181, 0.0861244019138756, 0.0
0.1010615711252654, 0.06430868167202572, 0.10179640718562874, 0.05333333333333334, 0.16822429906542055, 0.0, 0.0, 0.07378472222222222, 0.0, 0.0
0.1258059893967617, 0.0, 0.0050335570469798654, 0.08609271523178808, 0.09386548410938655, 0.12027491408934708, 0.10780850286271165, 0.08992916538343086, 0.0, 0.07741935483870968
0.08300395256916997, 0.07086614173228346, 0.06003584229390681, 0.12211005668428762, 0.0, 0.1008140262993112, 0.05357142857142857, 0.10206422018348624, 0.07032348804500703, 0.1488639095936523
0.051643192488262914, 0.014961101137043686, 0.091340242402951, 0.08982816190243505, 0.0, 0.0, 0.0, 0.08603417796110784, 0.0, 0.012823868097356713
0.0645180650582163, 0.10159924741298212, 0.15467239527389903, 0.21893491124260356, 0.053575757575757575, 0.0, 0.0, 0.044785668586052464, 0.08843850760018425, 0.08513674197384066
0.050724637681159424, 0.05776173285198556, 0.0, 0.12761843377376733, 0.0, 0.0, 0.04807417974322396, 0.07510288065843622, 0.09159859976662778, 0.072
0.0483619344773791, 0.0022371364653243847, 0.11607902448246527, 0.13653903235381418, 0.09936216862666933, 0.08941176470588236, 0.1972972972972973, 0.03074141048824593, 0.08875219683655536, 0.07572936064556177
0.0763307666555072, 0.09523809523809523, 0.0915032679738562, 0.01198149066270038, 0.09174311926605505, 0.11194731890874883, 0.21393612608875984, 0.06030150753768844, 0.12165242165242166, 0.09803921568627451
0.004878048780487805, 0.08411214953271028, 0.07352941176470588, 0.09574304595051483, 0.1375722543352601, 0.0, 0.05384615384615385, 0.09630451362407266, 0.0, 0.0
0.138442521631644, 0.07545776727702304, 0.07019438444924406, 0.07441860465116279, 0.1282051282051282, 0.06501547987616099, 0.12048192771084337, 0.0, 0.0663265306122449, 0.11915438821268418
0.07910271546635184, 0.1016949152542373, 0.1292517006802721, 0.14577946065755448, 0.09176767286857614, 0.09389842893679211, 0.11057290796726241, 0.17613636363636365, 0.09938683993776883, 0.18069970444704103
0.10144705612127708, 0.0, 0.0775347912524851, 0.12113354749885269, 0.0050335570469798654, 0.07446808510638298, 0.10024581549071894, 0.056976744186046514, 0.09870388833499502, 0.004479283314669653
0.07493287771540151, 0.0, 0.11712095400340715, 0.1076923076923077, 0.08142184414400729, 0.1012605910312048, 0.0, 0.0, 0.006289308176100629, 0.06743088334457181
0.08764176561418455, 0.07925801011804384, 0.0, 0.0, 0.003778337531486146, 0.06514144141528516, 0.0, 0.05722436650444705, 0.030977734753146177, 0.07255389718076286
0.05643564356435644, 0.07132459970887918, 0.1872854480661719, 0.10161290322580645, 0.0, 0.07321575061525841, 0.10678122123350721, 0.07030527289546716, 0.08585858585858586, 0.0513595166163142
0.07688634192932187, 0.09687261632341723, 0.09655133677825208, 0.21305841924398625, 0.0, 0.08396946564885496, 0.08951965065502183, 0.06801007556675064, 0.10989888238424694, 0.011686143572621035
0.08884921724800879, 0.10993877816855542, 0.0, 0.053465346534653464, 0.21893491124260356, 0.04595588235294118, 0.05933917734322319, 0.06530089628681178, 0.06377065964604359, 0.11184772680397183
0.1413934426229508, 0.1228970630168235, 0.0, 0.07937022158870027, 0.10755434474147227, 0.16385302879841113, 0.06302521008403361, 0.06896551724137931, 0.033338002521361536, 0.06461538461538462
0.08938961176346133, 0.16, 0.06157965194109773, 0.06209987195902689, 0.07246376811594203, 0.003945989271841667, 0.0, 0.1029232995658466, 0.027306501547987617, 0.15079365079365079
0.09367945823927765, 0.056, 0.17375584857507442, 0.0, 0.050505050505050504, 0.0, 0.0, 0.0, 0.0693950177935943, 0.0
0.0, 0.09781696053736356, 0.05695142378559464, 0.058823529411764705, 0.07407407407407407, 0.0, 0.0, 0.05291552253270877, 0.05720572057205721, 0.0
0.0748502994011976, 0.09781696053736356, 0.12406304266590465, 0.15079365079365079, 0.0468564650059312, 0.08730238646661967, 0.0, 0.12156812667603116, 0.09025270758122744, 0.0693084938427534
0.054274084124830396, 0.1308759886584092, 0.09787835926449788, 0.11352626211116777, 0.15213358070500926, 0.058577405857740586, 0.0, 0.056105610561056105, 0.06440677966101695, 0.07902323215194167
0.12048192771084337, 0.0014738393515106854, 0.10810810810810811, 0.11668651131144753, 0.06896551724137931, 0.09734513274336283, 0.0, 0.0693084938427534, 0.0594059405940594, 0.07521958512427583
0.12198186877300063, 0.04089506172839506, 0.10244451592151817, 0.12048192771084337, 0.0, 0.09550561797752809, 0.022727272727272728, 0.0, 0.21142857142857144, 0.008916554508748318
0.0, 0.07709836688188378, 0.0, 0.12519452642876308, 0.04106776180698152, 0.09500351864883885, 0.0, 0.06688351290912788, 0.02188679245283019, 0.06382978723404255
0.045020463847203276, 0.04827586206896552, 0.07565130260521043, 0.2545282282784373, 0.0, 0.07777777777777778, 7.380073800738007E-4, 0.06367924528301887, 0.09213483146067415, 0.028694404591104734
0.049185597942563226, 0.0, 0.0, 0.0, 0.0, 0.0814271677345842, 0.1322314049586777, 0.0234375, 0.07692307692307693, 0.12048192771084337
0.0, 0.0, 0.058069381598793365, 0.06812364638708407, 0.0, 0.07313642756680731, 0.013122476446837146, 0.0, 0.0, 0.07329683698296836
0.04106776180698152, 0.019455252918287938, 0.10667664421717801, 0.08301794652667562, 0.10107705053852527, 0.0, 0.00333889816360601, 0.0, 0.0, 0.10734463276836158
0.0, 0.02027027027027027, 0.0, 0.022657580919931856, 0.06299212598425197, 0.05241935483870968, 0.004974326059050065, 0.04610951008645533, 0.0, 0.0
