96, 161, 1114, 587, 785, 560, 3633, 428, 211, 78
123, 246, 1167, 603, 805, 601, 3768, 550, 317, 869
131, 1095, 1712, 646, 1197, 615, 3883, 555, 369, 3061
614, 1337, 1734, 1458, 1244, 639, 4112, 813, 372, 3074
1836, 1367, 1737, 2932, 1246, 862, 4857, 1361, 2529, 3192
2066, 1434, 1771, 3008, 1725, 11803, 5627, 1478, 2529, 3197
2094, 1607, 1771, 3015, 1970, 11816, 5646, 1492, 2529, 3220
2389, 1607, 2018, 3291, 3778, 11922, 5646, 1493, 2678, 3280
2421, 1742, 2151, 3705, 4031, 12127, 5677, 1870, 2701, 3285
2451, 1820, 2158, 3705, 4033, 12127, 6180, 2158, 5283, 3290
2451, 1874, 2162, 3716, 4119, 12146, 6180, 2195, 5839, 3301
2889, 1907, 2174, 3724, 4319, 12149, 6182, 2203, 6892, 3505
4014, 1907, 2788, 3832, 4411, 12156, 6266, 2203, 6901, 3538
4016, 1990, 4332, 3835, 4663, 12160, 6541, 2233, 6901, 3777
4030, 2000, 4397, 3837, 4672, 12169, 6547, 2244, 6996, 3856
4037, 2001, 4430, 3837, 4680, 12175, 6676, 2246, 7042, 4890
7041, 2001, 4432, 3845, 5159, 12197, 7163, 2837, 7259, 4896
7041, 2416, 4545, 3847, 6702, 12197, 7167, 3025, 7264, 5360
7077, 3448, 4553, 3847, 7039, 12197, 7180, 3025, 7264, 5360
7343, 3574, 4553, 3851, 7764, 12197, 7215, 3027, 7422, 5542
7408, 3585, 4650, 4065, 7766, 12197, 7217, 3093, 9298, 5551
7811, 3619, 4650, 4065, 7766, 12347, 7634, 3104, 9314, 5551
7813, 3619, 4659, 4112, 7927, 14156, 7707, 3106, 9340, 5563
7813, 3619, 6985, 4129, 7928, 15504, 7709, 3106, 9458, 6470
7825, 3619, 7321, 4242, 7928, 15541, 7709, 3109, 13516, 6855
7826, 3620, 7510, 4245, 7932, 15541, 7729, 3155, 13516, 6883
7827, 3633, 7706, 4245, 8042, 15557, 7733, 3159, 13516, 6909
9515, 8173, 7908, 4246, 8577, 15698, 7782, 3159, 13516, 6948
12213, 8454, 7908, 4248, 8593, 15812, 8277, 3466, 13522, 6950
12215, 8494, 8078, 4249, 8600, 15838, 8278, 4601, 13774, 6972
12382, 8494, 8138, 4249, 8605, 15910, 8324, 4620, 13774, 7024
13487, 8526, 8138, 4249, 8714, 16610, 8325, 4621, 13777, 7024
13489, 8526, 8138, 4249, 8714, 16654, 8426, 4621, 13782, 8527
13498, 8776, 8326, 4615, 8714, 16656, 8543, 4631, 16594, 8527
13498, 8776, 8539, 8530, 8714, 16660, 8645, 4635, 18870, 8532
13498, 9090, 8648, 8530, 8714, 16660, 8647, 4635, 19204, 8532
13499, 9097, 8648, 8574, 8732, 16660, 9136, 4635, 19329, 8587
16055, 10585, 8689, 8574, 8741, 16741, 10099, 8225, 19490, 8587
16059, 10585, 12760, 8574, 8742, 18508, 10468, 8423, 19492, 8605
16186, 11603, 12762, 8785, 8744, 19266, 10638, 8542, 19630, 9761
16187, 11682, 12763, 8786, 8744, 20126, 10638, 8547, 19633, 9765
16187, 11682, 13313, 8788, 8763, 23941, 10638, 8654, 19645, 9873
17828, 11801, 13481, 8808, 8866, 27082, 10801, 8671, 21140, 12393
17828, 11806, 13536, 8896, 9131, 27083, 10830, 8671, 21140, 12393
17828, 11806, 13565, 8896, 9140, 27083, 10833, 8769, 21684, 12393
17828, 11879, 13569, 8898, 9141, 27817, 10833, 8769, 21730, 12393
17900, 11879, 13570, 8899, 9144, 27840, 10839, 8772, 21730, 12393
17927, 11879, 13576, 8927, 9144, 27847, 12298, 8772, 21732, 12393
17927, 11879, 13577, 8928, 9156, 27847, 12438, 8772, 21869, 12417
17927, 11880, 13583, 8928, 9190, 27847, 12438, 8772, 21869, 12417
17990, 11880, 13583, 8971, 9190, 27847, 12438, 8772, 21902, 12646
18027, 11880, 13589, 8971, 9190, 27949, 12505, 8774, 21902, 12691
18033, 11915, 13589, 8991, 9190, 27949, 12678, 12822, 21904, 12704
18657, 12059, 13637, 8991, 9190, 27961, 13126, 12837, 21904, 12706
18729, 12059, 13637, 8991, 9190, 28016, 13138, 12868, 21918, 12706
18729, 12881, 14833, 8991, 9190, 28016, 13138, 12868, 21918, 12761
19149, 12894, 14833, 8991, 9193, 30822, 13155, 12930, 21944, 12761
19155, 13093, 14864, 9872, 9221, 30823, 13173, 12966, 21944, 12761
19156, 13183, 14873, 9872, 9221, 30874, 13173, 12966, 22023, 12761
19156, 13185, 14901, 9872, 9231, 33624, 13173, 12977, 22079, 12761
19156, 13188, 14914, 10510, 9400, 33639, 13688, 12977, 23344, 12786
19156, 13188, 15883, 10512, 9877, 34101, 13704, 13021, 23829, 12786
19413, 13188, 15902, 10928, 9877, 34101, 13710, 13119, 23829, 13108
19413, 13188, 15927, 11632, 9881, 34134, 14002, 13120, 24052, 13175
19464, 13189, 15927, 12086, 9948, 34181, 14002, 14203, 24120, 13177
23783, 13190, 16185, 12086, 10093, 34181, 14033, 14216, 26985, 13286
24406, 13190, 16227, 12113, 10093, 34184, 14063, 14216, 27957, 13314
24437, 13193, 16231, 12164, 10094, 34463, 15053, 14219, 29691, 13605
24505, 13444, 16233, 12225, 10094, 34483, 15377, 14219, 29692, 14288
24505, 13444, 16233, 12225, 10600, 34631, 15478, 14286, 29738, 14381
24540, 13444, 16234, 12225, 10631, 34793, 15487, 14288, 29863, 14381
24550, 13444, 16779, 12397, 12198, 34793, 16292, 14288, 29863, 14498
24550, 13463, 16784, 12397, 12198, 34793, 16296, 14288, 35358, 14507
24681, 13499, 16784, 12397, 12205, 37848, 16317, 14622, 35358, 14528
24701, 13797, 16939, 12532, 12205, 37849, 16318, 14625, 35358, 14528
24702, 13797, 16942, 12714, 12218, 38070, 16318, 14625, 35574, 14545
24705, 13797, 16944, 12714, 12239, 38175, 16318, 14625, 35574, 14553
24713, 13824, 16944, 12714, 12675, 38179, 16326, 14625, 35574, 14577
24714, 13846, 18435, 12714, 12676, 38179, 16641, 14625, 35602, 14592
24732, 13858, 18442, 13217, 12676, 38179, 16641, 14628, 35602, 14592
24750, 13981, 20351, 13224, 12676, 38179, 16723, 14757, 35620, 16768
24750, 14009, 20351, 13542, 12676, 38179, 16723, 14757, 35689, 16768
24750, 14157, 20355, 13546, 12686, 38232, 16847, 14757, 35704, 16781
24953, 14157, 20355, 13554, 12769, 38232, 16849, 14758, 35704, 16781
25002, 14158, 20724, 13554, 12771, 38240, 17397, 16440, 35704, 16921
25559, 14232, 20724, 14170, 12788, 38337, 19075, 16440, 35704, 17620
25559, 14232, 20729, 14170, 13086, 38337, 19075, 16440, 35705, 17639
25582, 14236, 20754, 14880, 13742, 38337, 19080, 16448, 35705, 17639
25582, 14236, 20754, 14885, 13757, 38367, 19381, 16448, 36945, 17650
25587, 15399, 20790, 15030, 13757, 38431, 19384, 16448, 36991, 17665
25587, 15440, 23677, 15421, 13757, 38557, 19385, 17232, 36991, 17669
25587, 15440, 23677, 15421, 13757, 38810, 19409, 17248, 36991, 17699
25587, 15440, 23677, 15421, 13802, 38822, 19414, 17248, 36992, 17824
25587, 15440, 23677, 15463, 13802, 38829, 19934, 17248, 37004, 17824
25598, 15444, 23677, 15469, 13803, 38829, 20193, 17248, 37009, 17825
28544, 15444, 23677, 15484, 13807, 38829, 20464, 17256, 37042, 19652
28544, 15444, 23677, 15484, 13810, 38829, 20464, 17256, 37042, 19678
28551, 15444, 23779, 15484, 14185, 38829, 21103, 17256, 37073, 19678
28692, 15444, 23779, 15512, 14185, 38955, 21253, 17256, 37094, 19678
28702, 15444, 23985, 15512, 14185, 39221, 21253, 17256, 37094, 19793
28741, 15447, 24140, 15512, 14312, 39436, 21288, 18735, 37094, 19793
28741, 15447, 24140, 15512, 14335, 40265, 21289, 18735, 37100, 19909
28741, 15449, 24140, 15538, 14335, 40272, 21349, 18741, 37686, 20658
29147, 15451, 24140, 15538, 17475, 40273, 21349, 18771, 37686, 20658
29147, 15454, 24237, 15538, 17657, 40276, 21349, 18777, 37770, 20932
29157, 15454, 25356, 16022, 17658, 40276, 21407, 18806, 37770, 20937
29231, 15454, 25479, 16022, 17658, 40276, 21407, 19358, 37770, 20939
29233, 15456, 25889, 16022, 17658, 40331, 21407, 19388, 37904, 22226
29299, 15471, 26499, 16022, 17684, 40344, 21780, 19576, 37904, 22226
29475, 15502, 26571, 16031, 17765, 40344, 21789, 19576, 37904, 22234
29475, 15798, 26637, 16036, 18595, 40344, 22184, 19576, 37904, 22297
29475, 15993, 26641, 16056, 18843, 40389, 22184, 19576, 38097, 22345
29475, 16144, 27319, 16058, 18850, 40392, 22273, 19606, 38108, 22345
29475, 16271, 27319, 16058, 19025, 40422, 22273, 20412, 38108, 22345
29475, 16289, 28123, 16058, 19025, 40422, 22273, 20412, 38108, 22345
29475, 16919, 31028, 16084, 19026, 40422, 22273, 20419, 38108, 22360
32413, 17164, 31028, 16243, 19026, 40565, 22273, 20631, 38213, 22360
32413, 17176, 31028, 17812, 20612, 40565, 23655, 20631, 38707, 22360
32451, 17200, 31067, 20601, 20641, 40565, 23655, 20631, 38789, 22539
32462, 18134, 31067, 20883, 20644, 40565, 23686, 20631, 38789, 22630
32670, 18510, 31067, 21072, 20645, 41022, 23892, 20631, 38789, 22630
32683, 18510, 31414, 21204, 20645, 41046, 23892, 20654, 38791, 22630
32683, 18514, 31414, 21943, 22544, 41046, 23911, 20655, 38791, 22799
32732, 18531, 31414, 21943, 24618, 41046, 23938, 20655, 38814, 22801
33064, 18531, 31415, 22130, 24657, 41067, 24062, 21096, 38818, 22801
33064, 18531, 32990, 22213, 24657, 41482, 24076, 21265, 39080, 25252
33250, 18699, 32990, 22669, 24657, 41527, 24146, 21268, 39083, 25410
33250, 18699, 34254, 22669, 27149, 41547, 24149, 21268, 39787, 25432
33250, 18699, 34330, 22672, 27150, 41547, 24631, 21691, 39846, 25432
33264, 18704, 34376, 22823, 27150, 41561, 24753, 23529, 39846, 25541
33397, 18704, 34403, 22823, 27192, 41647, 24754, 24044, 39896, 28432
33702, 18704, 34417, 22825, 27380, 41647, 24754, 24094, 39896, 28532
33702, 18704, 34417, 22852, 27380, 41647, 24754, 24094, 39896, 28532
33705, 18704, 35551, 22872, 27380, 41647, 24770, 24122, 39905, 28532
33707, 18704, 35611, 22872, 27398, 41937, 24773, 24653, 39999, 28597
33726, 18704, 35722, 23042, 27549, 42114, 24773, 25202, 39999, 28597
33755, 18732, 35726, 23042, 28159, 42114, 24773, 25204, 39999, 28597
33755, 18732, 35726, 23042, 28282, 42326, 24773, 25204, 40109, 28611
33755, 18732, 35726, 23282, 28411, 42365, 24773, 25308, 43061, 28611
33787, 18749, 35726, 23282, 28431, 42398, 24773, 25308, 43061, 28624
34332, 18749, 35726, 23282, 28432, 42399, 27717, 25308, 43061, 28648
34334, 18865, 35726, 23282, 29524, 42399, 27717, 25328, 43093, 28648
34334, 18865, 35757, 23282, 29524, 42399, 27718, 25407, 43799, 28649
34334, 18866, 35757, 23282, 29524, 42552, 27769, 25407, 43799, 28649
34734, 20054, 35758, 23282, 29776, 42613, 27771, 25548, 46649, 28864
34806, 20054, 36410, 23282, 29776, 42613, 27771, 25548, 46649, 28864
34806, 20054, 36410, 23287, 29776, 42701, 27790, 25944, 46649, 28926
34806, 20072, 36416, 23287, 29839, 42701, 27790, 28263, 46800, 28926
34806, 20081, 36416, 23300, 30167, 42701, 27790, 28263, 46800, 28928
34807, 20081, 36416, 23300, 30169, 43056, 27790, 28263, 46914, 28929
34807, 20184, 36416, 23699, 30169, 43056, 27831, 29851, 47047, 28973
34807, 20187, 37422, 23699, 30190, 43056, 27967, 30401, 47052, 28973
34807, 20197, 37505, 23699, 30190, 43245, 28032, 30401, 47052, 28973
34807, 20472, 37516, 23699, 30195, 43381, 28054, 30401, 47053, 29151
34809, 20472, 37521, 23703, 30195, 43381, 28076, 30413, 47053, 29174
34833, 20825, 37535, 23910, 30195, 43381, 28162, 30413, 47053, 29176
35536, 21085, 37539, 23910, 30195, 43385, 28162, 30413, 47053, 29176
35536, 21085, 37539, 23910, 30195, 43385, 28162, 30413, 47290, 29194
35536, 21085, 37545, 23910, 30195, 44006, 28162, 30413, 47290, 29194
35536, 21085, 37572, 23912, 30195, 44064, 28162, 30417, 47297, 29376
35536, 21085, 38830, 23912, 31206, 44084, 28162, 30417, 47297, 30731
35536, 21085, 40587, 23912, 31206, 44084, 29425, 31532, 47297, 30731
35539, 21618, 40595, 23914, 31881, 44084, 29427, 31532, 47297, 30749
35582, 21618, 40595, 24056, 32029, 44106, 29427, 31532, 47297, 30749
35591, 21640, 40595, 24056, 32029, 44108, 29427, 31532, 47576, 31041
35591, 21666, 41074, 24063, 32151, 44110, 29797, 31532, 47600, 31105
35606, 21666, 41123, 26917, 32151, 44110, 30322, 31532, 47600, 31304
35607, 21687, 41125, 26917, 32190, 44110, 30322, 31694, 47600, 31312
35607, 21687, 41125, 26922, 32190, 44116, 30322, 32108, 47601, 31312
35672, 21687, 43187, 26922, 32190, 44116, 31040, 32108, 47601, 31409
35804, 21765, 43188, 27129, 32190, 44116, 31040, 32257, 47601, 31409
38560, 23020, 43440, 27129, 32190, 44116, 31047, 32257, 47601, 31409
39444, 23024, 43440, 27129, 32195, 44177, 31085, 32257, 47615, 31410
39444, 23198, 43771, 27129, 32907, 44177, 31085, 32257, 47615, 31411
39444, 23200, 43785, 27129, 32943, 44203, 31091, 32257, 47639, 31447
40475, 23408, 43785, 27155, 32992, 44203, 31092, 32257, 47639, 31990
40475, 23414, 43785, 27162, 32992, 44206, 31094, 32285, 47657, 31998
40475, 27518, 43785, 27162, 33596, 44216, 31094, 32285, 47661, 32033
40475, 27653, 43804, 27527, 33636, 45568, 31094, 32285, 47661, 32033
40475, 27653, 43804, 28573, 33636, 46356, 31094, 32287, 47661, 32033
40589, 27653, 43804, 28631, 33636, 46362, 31094, 32866, 47663, 33207
40589, 27708, 43804, 28737, 37616, 46362, 31111, 33072, 47886, 33219
40615, 27708, 43987, 28878, 37616, 46362, 31113, 33072, 48041, 33219
40615, 27708, 43988, 28879, 37618, 46362, 31113, 33111, 48047, 33219
40615, 29145, 44027, 28879, 37618, 46486, 31114, 33111, 48834, 33219
40630, 29145, 44027, 28882, 37624, 46486, 31259, 33111, 48836, 33219
41341, 29145, 44027, 29392, 37624, 46486, 31259, 33113, 48854, 33219
41341, 29448, 44027, 30660, 37631, 47162, 31263, 33113, 48874, 34572
41341, 29448, 44059, 30665, 37655, 47162, 31263, 33113, 48874, 34572
41408, 29450, 44183, 30665, 37720, 47323, 31263, 33113, 48874, 34587
41425, 29450, 44267, 30716, 37839, 47325, 31263, 33286, 48896, 36778
41427, 29450, 44267, 30716, 37839, 47326, 31263, 33286, 48945, 37710
41427, 30073, 44267, 30717, 37839, 47423, 31263, 33286, 48945, 37710
41439, 30073, 44860, 31168, 37839, 47423, 31710, 33286, 49363, 37753
41439, 30073, 44860, 31168, 37839, 47423, 31710, 33300, 49363, 37753
41610, 30075, 45042, 31168, 37839, 47423, 31710, 33418, 49366, 37876
41610, 30081, 45042, 31290, 37839, 47423, 33810, 35188, 49384, 37876
41642, 30081, 45042, 31328, 38556, 47456, 33815, 35188, 49398, 37923
41642, 30408, 45042, 31328, 38794, 47456, 33815, 36478, 49398, 37946
43917, 30408, 45042, 31358, 40787, 47456, 33815, 38832, 49486, 37950
44035, 30433, 45042, 32489, 40787, 47479, 33980, 38847, 49486, 37950
44050, 30433, 45045, 32489, 40787, 47479, 33980, 38914, 49714, 37950
44231, 30459, 45045, 32586, 40787, 47483, 33980, 38936, 49718, 37953
44231, 30473, 45045, 32599, 40787, 47483, 33984, 38947, 49718, 37953
44294, 30484, 45045, 32776, 40787, 47485, 34275, 38947, 49726, 37999
44336, 30484, 45049, 33232, 41105, 47485, 34287, 39122, 49726, 37999
44336, 30556, 46333, 33232, 41105, 47533, 34287, 39122, 51226, 38027
44360, 30556, 46333, 33232, 41105, 47864, 34287, 39128, 51430, 38072
44362, 30628, 46333, 33238, 41146, 47864, 34287, 39132, 51430, 38921
44362, 30628, 46335, 33253, 41146, 47876, 34287, 39132, 51566, 38921
44362, 30681, 47037, 33971, 41146, 47878, 34287, 39132, 51566, 39003
44362, 30681, 47037, 33971, 41171, 47916, 34405, 39281, 51667, 39080
44362, 30681, 47037, 34109, 41171, 47916, 34405, 39281, 51667, 39080
44362, 30681, 47037, 34198, 41171, 47945, 34405, 39281, 51835, 39115
44362, 30681, 47050, 34310, 41543, 48021, 34405, 39289, 51839, 39115
44404, 30681, 47199, 34310, 41543, 48021, 34405, 39333, 51839, 39330
44496, 30751, 47199, 34459, 41543, 48021, 34783, 39335, 51849, 39330
44657, 30778, 47200, 34491, 41562, 48021, 34783, 39394, 51893, 39684
44818, 30778, 47200, 34491, 41773, 48024, 34783, 39394, 51893, 39684
44825, 30829, 47200, 34491, 41780, 48024, 34783, 42360, 51893, 39684
44825, 31187, 47213, 34493, 41821, 48207, 34783, 42360, 54744, 40616
44825, 31187, 47213, 34493, 41821, 48212, 34786, 42360, 54744, 40616
44973, 31197, 47273, 34493, 41821, 48212, 34856, 42360, 54746, 40617
44973, 31197, 47280, 34509, 42178, 48214, 34856, 42452, 54746, 40617
44999, 31197, 47358, 34509, 42178, 48221, 34856, 42452, 55042, 40698
45000, 31687, 47372, 34509, 42178, 48223, 34856, 42738, 55049, 40698
45094, 33118, 47372, 34509, 42179, 48225, 34856, 42834, 55049, 40698
45094, 33387, 47372, 34513, 42478, 48261, 35088, 42834, 55049, 40698
45110, 33397, 47374, 34522, 42478, 48271, 35088, 43113, 55049, 40698
45110, 33398, 47374, 34522, 42478, 48271, 35088, 43188, 55049, 40698
45113, 33398, 49708, 34530, 42478, 48363, 35149, 43188, 55071, 41075
45118, 33459, 50034, 34607, 42479, 48376, 35203, 43188, 55071, 41085
45146, 33459, 50034, 34607, 42483, 48376, 35203, 43231, 55282, 41085
45630, 33463, 50034, 34624, 42483, 48467, 35209, 43231, 55282, 41085
45630, 33476, 50121, 34633, 42483, 48467, 35277, 43324, 55371, 41117
45630, 33476, 50121, 35814, 42524, 48573, 35277, 43426, 55449, 41180
45643, 33508, 50121, 35814, 42524, 50974, 35277, 43558, 55479, 41180
45689, 33563, 50121, 39148, 42554, 50974, 35277, 43558, 55479, 41203
45689, 33563, 50274, 39148, 42554, 51068, 36132, 43558, 55640, 41203
46385, 33563, 51037, 39203, 42708, 53736, 36132, 43558, 55640, 41203
46385, 35610, 51078, 39248, 42708, 53736, 36465, 43558, 55640, 41608
46385, 35610, 51101, 39248, 42708, 53736, 36465, 43621, 55659, 41608
46385, 36314, 51108, 39248, 44714, 54854, 36465, 43646, 55659, 41608
46385, 36314, 51118, 39557, 44714, 54854, 36465, 43665, 55659, 41608
46385, 36410, 51118, 39557, 44714, 54854, 36465, 43667, 55659, 43435
46386, 36410, 51118, 39677, 44718, 54859, 36476, 43667, 55659, 43782
46386, 36410, 51243, 41514, 44718, 54859, 36476, 44079, 55662, 43782
46413, 36410, 51259, 41530, 44718, 54864, 36476, 44193, 55666, 44339
46413, 36410, 51259, 41832, 44718, 54867, 36476, 44208, 55668, 44697
46413, 36410, 51259, 41832, 44738, 54869, 36482, 44208, 55668, 44703
46682, 36412, 51262, 41832, 44738, 54906, 36482, 44235, 55833, 45984
46749, 36484, 51262, 41832, 44746, 55531, 37766, 44947, 55833, 45984
46749, 36489, 52117, 41832, 44746, 56028, 37934, 45172, 56957, 45984
46757, 36489, 52145, 41852, 44746, 56103, 37934, 45172, 56957, 46001
46757, 36489, 52145, 41852, 44747, 56103, 38146, 45230, 56977, 46351
46759, 36489, 52167, 41852, 44747, 56103, 38621, 45247, 56981, 46351
46759, 36526, 52167, 41852, 44750, 56103, 38621, 45247, 56981, 46351
47167, 36526, 52680, 41852, 44750, 56103, 38646, 45247, 58279, 46351
47214, 36554, 52731, 41852, 45323, 56103, 38650, 45428, 58280, 46351
47249, 36568, 52731, 41857, 45323, 56103, 38964, 45437, 58702, 46642
47249, 36568, 52735, 41857, 45323, 56103, 38964, 45437, 59124, 46662
47249, 37008, 52735, 42050, 45323, 57805, 38964, 45468, 59885, 46664
47249, 37373, 52735, 42050, 45323, 57805, 39446, 45608, 59885, 46672
47249, 37752, 55646, 42050, 45323, 57805, 39446, 47821, 59885, 46692
47255, 37752, 55646, 42050, 45323, 58092, 39475, 47882, 60196, 46692
47255, 38718, 55646, 42050, 45323, 58092, 39475, 47892, 60213, 46692
47255, 38729, 55646, 42180, 45440, 58092, 39487, 47892, 60213, 46802
47380, 38741, 55655, 42184, 45440, 58092, 39487, 49438, 62241, 46802
47459, 38741, 55735, 42184, 45440, 58092, 39487, 49465, 62659, 46802
47530, 40651, 55735, 42184, 45443, 58092, 40575, 49650, 62663, 46858
47530, 40651, 57047, 42184, 45449, 58092, 40575, 49652, 62790, 46858
47530, 40651, 57047, 42194, 45450, 58104, 40615, 49789, 62790, 46858
48034, 40945, 57051, 42194, 45450, 58140, 40626, 49806, 65085, 46858
48034, 40949, 57051, 43024, 45450, 58140, 40644, 49843, 65119, 46858
48034, 41474, 57051, 43054, 45450, 58140, 40644, 49888, 66010, 46858
48058, 41474, 57051, 43333, 45450, 58140, 40647, 49995, 66010, 46858
48062, 41487, 57051, 43333, 45454, 58261, 40647, 49998, 66010, 46872
48920, 41489, 57051, 43382, 46084, 58261, 40653, 49998, 66026, 46872
48920, 41491, 57051, 43382, 46084, 58261, 40654, 50403, 66026, 46872
48921, 41495, 57053, 43382, 46088, 58531, 40654, 50610, 66026, 49514
48921, 41495, 57086, 43494, 46088, 58531, 40674, 50684, 66026, 49514
48921, 41495, 57403, 43498, 46869, 58531, 40694, 50684, 66026, 49514
48921, 41495, 57501, 43498, 46940, 58531, 40695, 50684, 66026, 49518
49126, 41495, 57600, 43498, 46940, 58531, 40695, 50691, 66034, 49520
49128, 41495, 57647, 43498, 46974, 58578, 40695, 50691, 66034, 49523
49128, 41509, 57647, 43519, 47448, 58578, 40708, 51051, 66050, 49543
49147, 41509, 57647, 43521, 47448, 58578, 40708, 51114, 66050, 49543
49377, 41509, 57686, 43522, 47452, 58630, 42273, 51114, 66080, 49543
49390, 41696, 57686, 43522, 47696, 58630, 42273, 51134, 66247, 49581
49580, 44205, 57754, 43522, 47696, 58630, 42352, 51286, 66247, 49581
49580, 44279, 57760, 43522, 47696, 58630, 42352, 51286, 66247, 49789
49580, 44279, 57769, 43522, 47696, 58643, 42364, 51724, 66251, 49793
49580, 44279, 58155, 43526, 47696, 58685, 42374, 52058, 66251, 49845
49580, 44279, 58155, 43541, 47706, 58722, 42376, 52058, 66253, 49845
49596, 44487, 58155, 43543, 47758, 58722, 42398, 52058, 66253, 49949
51282, 44492, 58155, 43543, 47758, 58722, 42398, 52058, 66294, 49959
51296, 44495, 58155, 43543, 47760, 58722, 42448, 52059, 66414, 49987
51305, 44495, 58178, 43543, 47760, 58722, 42449, 52059, 66414, 50002
52216, 44495, 58673, 43543, 48465, 58722, 42449, 52059, 66414, 50002
52216, 44498, 58682, 43551, 48478, 58722, 42455, 52073, 66481, 50285
52246, 44529, 58682, 43551, 48700, 58758, 42455, 52101, 66481, 50865
52343, 44529, 58684, 43551, 48700, 58758, 42765, 52101, 66481, 50999
52390, 44529, 58684, 43551, 49203, 58764, 42906, 52108, 66509, 51088
52390, 44529, 58684, 43551, 49659, 58963, 42906, 52108, 66509, 51921
52390, 44529, 59277, 43623, 49672, 62138, 42906, 52130, 66549, 51921
52394, 44554, 59284, 43636, 49673, 62148, 42906, 52130, 66549, 51921
52394, 44554, 59508, 43636, 49673, 62283, 43121, 52130, 66549, 52249
52419, 44555, 59508, 43636, 49673, 62290, 43123, 52130, 66554, 52249
52419, 44555, 59508, 43636, 50151, 62320, 43127, 52181, 66554, 52249
52724, 44945, 59508, 43636, 50154, 62320, 43734, 52181, 67063, 52254
52724, 44945, 59508, 43636, 50154, 62320, 44022, 52181, 67068, 52485
52724, 44945, 59508, 43636, 50155, 62320, 44022, 52181, 67186, 54989
52724, 44945, 59540, 43636, 50155, 62320, 44022, 52181, 67192, 54989
53867, 44948, 59540, 43636, 50155, 62320, 44028, 52181, 67285, 55002
54029, 44949, 59548, 43674, 50887, 62321, 44028, 52189, 67324, 55708
54029, 44955, 59557, 43745, 50887, 62321, 44376, 52189, 67324, 55708
54029, 44966, 59584, 43745, 50887, 62321, 44376, 52189, 67417, 55755
54071, 44966, 59586, 43745, 50891, 62321, 44376, 52189, 67476, 56542
54071, 44967, 59586, 43749, 50891, 62340, 44376, 52189, 67573, 56542
54085, 44985, 59586, 43749, 50891, 62402, 44395, 52200, 67587, 56542
54123, 44985, 59905, 43788, 50891, 62412, 44395, 52200, 67650, 56542
54202, 44985, 60283, 43790, 50901, 62412, 47200, 52216, 67858, 56542
54202, 45028, 60349, 43790, 50910, 62462, 47202, 52216, 67858, 56564
54202, 45036, 60349, 43899, 50910, 62463, 47208, 52534, 67965, 59933
54202, 45036, 60385, 43899, 50910, 62463, 47208, 52534, 67995, 59933
54202, 45039, 60397, 43903, 50919, 63816, 47418, 52534, 67995, 59934
54312, 45039, 60397, 43903, 51074, 63816, 47418, 52534, 68364, 59938
54678, 45039, 60400, 45024, 51074, 63826, 47516, 52577, 68364, 59975
54678, 45039, 60475, 45068, 51116, 63830, 47516, 52577, 68364, 59975
54678, 45070, 60476, 45068, 51502, 63830, 47516, 52581, 68364, 60067
54678, 45094, 60525, 45068, 51502, 63843, 47516, 52691, 68557, 60080
54907, 45098, 60527, 45111, 52001, 63898, 47516, 52699, 68592, 60109
54907, 45098, 60527, 45111, 52386, 63898, 47516, 52699, 68592, 60157
54907, 45111, 60545, 45111, 52427, 63923, 47518, 52707, 68656, 61262
54907, 45111, 60545, 45111, 52427, 63958, 47721, 52769, 68656, 61262
54907, 45122, 60545, 45112, 52456, 63986, 47721, 52770, 68656, 61262
55636, 45205, 60628, 45112, 52967, 63986, 47721, 52771, 71266, 61324
55636, 45214, 60628, 45237, 53356, 63986, 47721, 52775, 71571, 61376
56045, 45214, 60628, 45242, 53402, 63986, 47771, 52780, 71571, 61376
56045, 45214, 60628, 45242, 53402, 65453, 47771, 52780, 71625, 61376
56045, 45214, 60718, 45242, 53407, 65453, 47771, 52799, 71625, 61376
56045, 45252, 60718, 45303, 53407, 65672, 47812, 52799, 71627, 61376
56046, 45252, 60793, 45308, 53699, 65672, 47812, 53162, 71627, 61421
56059, 45252, 60841, 45315, 53910, 65672, 48220, 53168, 71627, 61421
56059, 45274, 60841, 45315, 53981, 65673, 48744, 53821, 72101, 61421
56059, 45303, 60842, 45520, 53983, 65673, 48744, 53822, 72101, 61421
56059, 45307, 61089, 45521, 53983, 65673, 48744, 53822, 72101, 61421
56059, 45307, 61241, 45812, 53993, 65673, 48744, 53822, 72101, 61667
56059, 45404, 61242, 46547, 53997, 65694, 48795, 53822, 72122, 61668
56059, 45426, 61242, 46547, 54395, 66319, 49001, 53822, 72122, 61668
56059, 45426, 61287, 46547, 54395, 66502, 49001, 53822, 72817, 61683
56061, 45426, 61287, 46633, 54395, 66559, 49001, 53822, 72817, 61686
56061, 45445, 61287, 46633, 54395, 66559, 49630, 53822, 72817, 61901
56132, 45447, 61287, 46742, 54441, 66559, 49630, 53822, 72843, 61925
56132, 45447, 61511, 46913, 57434, 66562, 49630, 53822, 72854, 65104
56137, 45475, 61511, 46916, 57434, 66562, 49630, 53822, 72943, 65117
56137, 45475, 61512, 46916, 57434, 66562, 49630, 53822, 73014, 65117
56154, 45475, 61512, 46920, 57434, 67142, 49630, 53822, 73014, 65183
56154, 45619, 61512, 46920, 57434, 67142, 49630, 53833, 73057, 65183
56154, 45619, 61512, 46920, 57434, 67142, 49679, 53858, 73057, 65183
56155, 45619, 61516, 46920, 57434, 67146, 49689, 53931, 73146, 65183
57653, 45694, 61516, 46966, 57434, 67159, 49701, 53931, 74032, 65183
57660, 45694, 61516, 46966, 57466, 67559, 49913, 53935, 74032, 65183
57764, 45694, 61942, 46966, 58316, 67559, 50168, 53991, 74036, 65183
57764, 45694, 61979, 46972, 58316, 67559, 50168, 54037, 74819, 65183
57764, 45699, 62295, 46977, 58443, 68571, 50168, 54037, 74819, 65275
57764, 45699, 62295, 47015, 58470, 68571, 50268, 54037, 75002, 65296
57764, 45699, 62295, 47015, 58472, 68600, 50328, 54037, 75026, 65371
57830, 45699, 62299, 47015, 58472, 68600, 50661, 54037, 75046, 65388
57830, 45699, 62299, 47015, 58656, 68685, 50677, 54037, 75046, 65388
57833, 45699, 62299, 47015, 58656, 68700, 50677, 54037, 75046, 65388
57879, 45763, 62359, 47017, 58656, 68700, 50677, 54037, 75046, 65670
57879, 45763, 62859, 47027, 58656, 68707, 50677, 54037, 75046, 65674
57879, 45763, 62859, 47043, 58767, 68707, 50832, 54048, 75046, 65674
57879, 45763, 62859, 47045, 58767, 68707, 50880, 54048, 75049, 65674
57925, 46242, 62859, 47045, 58767, 68707, 50881, 54048, 75049, 65892
57925, 46242, 62859, 47059, 58767, 68880, 50881, 54048, 75049, 65892
57947, 46244, 62859, 47059, 58769, 68880, 50881, 54066, 75487, 65892
58006, 46244, 62859, 47195, 58910, 68880, 51653, 54066, 75610, 65892
58006, 46246, 62868, 47195, 59194, 68880, 51653, 54066, 75610, 66006
58006, 46263, 62868, 47195, 59194, 68880, 51748, 54066, 75610, 66006
58006, 46263, 62885, 47450, 59194, 68888, 52376, 54067, 75642, 66006
58006, 46270, 62885, 47450, 59195, 68888, 52376, 54076, 75706, 66006
58006, 46272, 63141, 47450, 59195, 69281, 52440, 65377, 76056, 66010
59030, 46285, 63141, 47450, 59204, 69281, 52440, 65399, 76056, 66010
59030, 46313, 63141, 47450, 59204, 69606, 52440, 65399, 76056, 66010
59030, 46321, 63714, 47450, 59204, 69606, 55297, 65399, 77001, 66062
59030, 46762, 63714, 47463, 59204, 69617, 55339, 65399, 77004, 66062
59030, 46762, 63714, 47463, 59204, 70185, 55361, 65400, 78061, 66062
59030, 46762, 63715, 47522, 59386, 70185, 55372, 65976, 78061, 66062
59033, 46930, 63715, 47522, 59386, 70199, 55372, 65976, 78061, 66066
59038, 46930, 63715, 47522, 59396, 70201, 55375, 66028, 78268, 66794
59038, 49702, 63715, 47522, 59426, 71256, 55597, 66028, 78268, 68311
59038, 49703, 63715, 47671, 59426, 71416, 55597, 66028, 78268, 68311
59038, 49703, 63864, 47787, 59426, 71416, 55597, 66028, 78268, 68311
59044, 49703, 63864, 48087, 59426, 71533, 55597, 66028, 78268, 68338
59048, 49703, 63864, 48087, 59444, 72470, 55946, 66030, 78268, 68340
59090, 49716, 63864, 48210, 59455, 72470, 55950, 66030, 78268, 68376
59679, 49716, 63864, 48210, 59864, 72470, 55954, 66030, 78268, 68404
59680, 49716, 63864, 48210, 60213, 72476, 55954, 66030, 81079, 68404
62493, 49716, 63864, 48219, 60213, 72476, 55964, 66108, 81079, 68506
62503, 49716, 63864, 48653, 60223, 72685, 55964, 66250, 81079, 68507
65629, 49716, 64114, 49212, 60223, 72816, 55964, 66250, 81079, 68508
65629, 49716, 64114, 49267, 60223, 72816, 56174, 66397, 81079, 68508
65629, 50129, 64114, 49267, 60316, 72816, 56174, 66397, 81082, 68591
65629, 50136, 64114, 49267, 60316, 72816, 56196, 66397, 81082, 68591
65637, 50136, 64281, 49267, 60332, 72816, 56196, 66463, 81086, 68591
65637, 50286, 64290, 49276, 60332, 72816, 56981, 66463, 81086, 68591
65676, 50286, 64290, 49276, 60334, 72816, 56981, 66464, 81838, 68591
65699, 50288, 64290, 49276, 61135, 72816, 56981, 66469, 81838, 68615
65699, 50375, 64460, 49276, 61135, 72817, 57148, 67280, 81839, 68804
65726, 50397, 64460, 49285, 61144, 72834, 57341, 67302, 81839, 69129
65726, 50603, 64588, 49285, 61144, 72885, 57342, 67470, 81839, 69129
65797, 50605, 64588, 49285, 61149, 73118, 57342, 67481, 81839, 69129
66968, 50605, 64588, 49286, 61149, 73118, 57346, 67649, 81839, 69129
66968, 50605, 64588, 49287, 61149, 73118, 57348, 67735, 82002, 69129
66972, 50605, 64694, 49287, 61149, 73118, 57348, 68602, 82011, 69215
66972, 50605, 64762, 49299, 61149, 73154, 57348, 68681, 83259, 69215
66989, 50739, 64762, 49299, 61149, 73154, 57348, 69015, 83259, 69232
66989, 51292, 64762, 49299, 61149, 73154, 57356, 69120, 83259, 69269
66997, 51292, 64863, 49299, 61149, 73181, 57373, 69120, 83457, 69269
67057, 51292, 64863, 49299, 61149, 76626, 57373, 69121, 83457, 69269
67057, 51292, 64863, 49299, 61583, 76626, 57373, 69121, 84245, 69269
67062, 51406, 64938, 49306, 61583, 76626, 57373, 69121, 84850, 69269
67062, 51993, 64938, 49306, 61583, 76626, 57373, 69122, 85037, 69269
67062, 52029, 64938, 49367, 61583, 76626, 57408, 69188, 85037, 69269
67992, 52031, 64939, 49382, 61632, 76634, 57408, 69188, 85043, 69269
68005, 52031, 64939, 49393, 61632, 76634, 57408, 69203, 85043, 69269
68005, 52172, 64946, 49394, 61741, 76634, 57410, 70004, 85102, 69326
68005, 52172, 64946, 49394, 61741, 76634, 57410, 70270, 85102, 70036
68449, 52172, 64946, 49394, 61746, 76656, 57410, 70275, 85102, 70055
68451, 52186, 64947, 49394, 62121, 76656, 57824, 70275, 85102, 70055
68451, 52186, 65001, 49423, 64719, 76668, 57824, 70275, 85206, 74239
68451, 52273, 65001, 49423, 64719, 76668, 57899, 70275, 85387, 74239
68480, 55158, 65001, 49423, 64719, 76727, 58090, 70305, 85387, 75144
68493, 55158, 65010, 49432, 64801, 76727, 58090, 70305, 85398, 75144
68493, 55158, 66011, 50077, 64801, 76727, 58095, 70310, 85398, 75144
68493, 56148, 66011, 50077, 64801, 76740, 58095, 70310, 86048, 75283
68493, 56918, 66039, 50077, 64801, 76740, 58104, 70428, 87491, 75283
68638, 56924, 66039, 50077, 64801, 76740, 58121, 70428, 87519, 75283
68657, 56924, 66039, 50077, 64801, 76740, 58121, 70483, 87528, 75290
68657, 56939, 66039, 50077, 64801, 76855, 58206, 70483, 87545, 75608
68660, 56939, 66233, 50077, 64869, 76855, 58214, 70483, 87545, 75769
68660, 56939, 66233, 50077, 64869, 76855, 58214, 70523, 87545, 75769
69112, 56939, 66233, 50171, 64870, 76855, 58259, 70535, 87565, 75951
69112, 57018, 66234, 50202, 64870, 76855, 58259, 70535, 87565, 75951
69112, 57038, 66234, 50202, 64870, 76855, 58263, 70535, 87617, 75951
69112, 57135, 66270, 51165, 64870, 76855, 58263, 70537, 87618, 75951
69115, 57138, 66410, 51165, 64870, 76859, 58344, 70537, 87618, 75951
69115, 57400, 66410, 51243, 64870, 76859, 58348, 70564, 87646, 75951
69115, 57400, 66410, 51265, 64870, 76859, 58353, 70564, 87646, 75951
69144, 57401, 66410, 51265, 64870, 76859, 58353, 70564, 87785, 75951
69205, 57401, 66414, 51265, 65025, 76859, 58353, 70564, 88419, 76349
69205, 57401, 66414, 51265, 65038, 76875, 58353, 70564, 88436, 76349
69205, 57440, 66414, 51265, 65038, 76882, 58353, 70564, 88437, 76349
69205, 57440, 66495, 51265, 65038, 77159, 58353, 70615, 88437, 76349
69328, 57440, 66509, 51702, 65038, 77159, 58353, 70783, 88437, 76349
69426, 57443, 66509, 51702, 65039, 77159, 58454, 70783, 88437, 76349
69482, 57648, 66669, 51702, 65043, 77179, 58454, 70784, 88437, 76349
69482, 57648, 67169, 51798, 65155, 77203, 58454, 70784, 88437, 78236
69482, 57648, 67175, 51798, 65161, 77214, 58454, 70890, 88437, 78236
69493, 57648, 67175, 51798, 65238, 77214, 58477, 70890, 88437, 78236
69518, 57649, 67178, 51798, 65306, 77218, 59987, 70890, 88450, 78236
69518, 57649, 67178, 51798, 65366, 77280, 59987, 70890, 88478, 78236
69518, 58047, 67217, 51799, 65370, 77314, 59987, 70890, 89765, 78288
69536, 58141, 67217, 55079, 65370, 77461, 59987, 70890, 89765, 78350
69536, 58141, 67359, 55080, 65387, 77843, 59987, 70891, 89765, 78437
69536, 58141, 67359, 55080, 65387, 77848, 59987, 70891, 89765, 78437
69540, 58566, 67668, 55122, 65387, 77848, 59996, 72253, 89765, 78437
69648, 58566, 67668, 55122, 65391, 77848, 59996, 72253, 89765, 78437
70211, 58566, 67668, 55122, 65391, 77848, 60825, 72330, 89765, 78443
70212, 58571, 67670, 55122, 65391, 77848, 60825, 72330, 89765, 79979
70212, 58583, 67824, 55601, 65391, 77848, 60825, 72336, 89765, 80010
70408, 58583, 67824, 55601, 65459, 77848, 60825, 72336, 89810, 80054
70408, 58583, 67824, 55742, 65459, 77848, 61612, 72337, 89810, 80059
70408, 58583, 68057, 55742, 65891, 77875, 61612, 72399, 89835, 80075
70431, 58583, 68057, 55848, 65891, 77921, 62681, 72399, 89859, 80075
70431, 58583, 68057, 55860, 65999, 77921, 62681, 72399, 89859, 80075
70431, 58683, 68057, 55860, 65999, 77921, 62681, 72399, 89859, 80124
70489, 58683, 68057, 57473, 66060, 77921, 62925, 72399, 90778, 81545
70491, 58683, 68057, 60633, 66060, 77921, 64633, 72399, 90998, 81549
70505, 58683, 68154, 61006, 66090, 77953, 64633, 72399, 91000, 81549
70505, 58683, 68154, 61006, 66091, 79267, 64633, 72891, 91214, 81549
70632, 58693, 73838, 61045, 66091, 79275, 64645, 72891, 91214, 81549
70635, 58707, 74074, 61045, 66091, 79275, 64954, 72891, 91280, 81602
70639, 58814, 74074, 61049, 66091, 79275, 64958, 72919, 91280, 82172
70639, 58814, 74074, 61211, 66466, 79537, 64958, 72919, 91280, 82174
70667, 58814, 74074, 61233, 66466, 79567, 64958, 73120, 91280, 82174
70667, 58814, 74403, 61233, 66466, 79567, 64958, 73120, 91335, 82174
70667, 58814, 74403, 61233, 66466, 79567, 64958, 74413, 91337, 82174
70667, 58814, 75422, 61233, 66466, 79753, 64958, 74449, 91338, 82174
70667, 59221, 75422, 61281, 66466, 79753, 64958, 74572, 91338, 82293
70667, 59223, 75459, 61362, 66466, 79753, 64958, 74572, 91338, 82375
70727, 59223, 75459, 61362, 66466, 79753, 64958, 74572, 91338, 82407
70727, 59223, 75459, 61769, 66466, 79753, 64958, 74572, 91355, 82407
70736, 59223, 75671, 64357, 66466, 79753, 64959, 74572, 91365, 82441
71106, 59223, 75671, 64357, 66466, 80647, 65034, 74582, 91365, 82441
71106, 59223, 75671, 64357, 66466, 80653, 65090, 74582, 91365, 82487
71106, 59224, 75671, 64429, 66485, 80653, 65090, 74582, 91365, 82487
71106, 59231, 75671, 64631, 66485, 80654, 65114, 74584, 91365, 82487
