32, 8, 234, 81, 139, 87, 1009, 206, 12, 5
49, 19, 249, 84, 140, 88, 1031, 233, 39, 147
54, 176, 409, 87, 184, 88, 1051, 236, 40, 962
698, 261, 412, 351, 185, 88, 1231, 271, 44, 967
1113, 270, 412, 938, 185, 182, 1380, 380, 861, 988
1192, 291, 422, 943, 393, 1393, 1662, 407, 861, 988
1200, 705, 422, 943, 441, 1393, 1662, 412, 861, 989
1250, 706, 556, 990, 1228, 1415, 1664, 412, 886, 1005
1252, 770, 587, 1208, 1282, 1491, 1666, 552, 888, 1005
1258, 796, 587, 1209, 1282, 1499, 1819, 593, 1725, 1005
1260, 837, 587, 1209, 1314, 1553, 1819, 623, 1998, 1005
1493, 845, 606, 1210, 1388, 1553, 1822, 623, 2500, 1033
1761, 850, 771, 1253, 1416, 1553, 1847, 623, 2500, 1047
1762, 871, 1592, 1253, 1591, 1553, 1990, 624, 2500, 1150
1769, 873, 1607, 1255, 1598, 1553, 1990, 624, 2531, 1190
1774, 873, 1620, 1255, 1598, 1553, 2263, 624, 2556, 1703
3237, 873, 1621, 1255, 1851, 1561, 2445, 854, 2644, 1703
3237, 952, 1761, 1255, 2173, 1561, 2445, 994, 2644, 1916
3238, 1270, 1768, 1255, 2295, 1561, 2456, 994, 2644, 1947
3302, 1303, 1768, 1255, 3402, 1561, 2506, 994, 2765, 2505
3345, 1306, 1789, 2035, 3408, 1561, 2506, 997, 3863, 2511
3523, 1345, 1789, 2035, 3408, 1599, 2746, 1005, 3883, 2511
3532, 1345, 1789, 2045, 3949, 2162, 2836, 1005, 3973, 2511
3532, 1345, 2645, 2045, 3952, 3133, 2842, 1005, 4024, 3048
3532, 1346, 2731, 2063, 3952, 3149, 2843, 1005, 4958, 3187
3539, 1446, 2768, 2069, 3956, 3149, 2863, 1050, 4964, 3188
3539, 1446, 2844, 2069, 3987, 3154, 2865, 1051, 4964, 3194
4226, 3814, 3000, 2069, 4329, 3240, 2867, 1051, 4964, 3196
6725, 3862, 3006, 2069, 4330, 3269, 3070, 1225, 4965, 3200
6728, 3876, 3059, 2072, 4375, 3342, 3100, 1800, 5024, 3204
7089, 3876, 3086, 2073, 4376, 3362, 3152, 1889, 5024, 3244
7660, 3877, 3087, 2073, 4562, 3627, 3152, 1889, 5025, 3244
7660, 3877, 3087, 2073, 4562, 3658, 3211, 1889, 5027, 4223
7700, 3945, 3205, 2149, 4562, 3658, 3348, 1889, 7074, 4223
7737, 3945, 3336, 3961, 4562, 3664, 3610, 1892, 8645, 4230
7737, 4134, 3412, 3961, 4562, 3664, 3610, 1892, 8807, 4230
7737, 4136, 3413, 4003, 4564, 3664, 4076, 1892, 8963, 4293
9168, 4929, 3429, 4003, 4564, 3691, 4137, 2798, 9002, 4293
9168, 4929, 4499, 4003, 4564, 4805, 4251, 2871, 9004, 4294
9301, 14765, 4499, 4068, 4564, 5266, 4286, 2946, 9051, 4838
9301, 14796, 4508, 4068, 4564, 5737, 4286, 2953, 9068, 4888
9301, 14796, 4664, 4071, 4568, 7306, 4286, 3013, 9068, 4975
10446, 14852, 9210, 4075, 4625, 9426, 4428, 3017, 10188, 5615
10452, 14853, 9241, 4110, 4825, 9428, 4434, 3017, 10190, 5619
10452, 14855, 9264, 4114, 4843, 9428, 4441, 3039, 10831, 5619
10452, 14873, 9268, 4114, 4843, 9614, 4441, 3065, 10841, 5621
10477, 14873, 9268, 4114, 4843, 9702, 4441, 3065, 10846, 5621
10507, 14873, 9268, 4114, 4845, 9791, 6312, 3065, 10846, 5621
10508, 14873, 9268, 4114, 4857, 9791, 6364, 3065, 10872, 5872
10529, 14873, 9278, 4114, 4861, 9791, 6364, 3065, 10882, 5872
10545, 14873, 9280, 4120, 4861, 9791, 6364, 3065, 10883, 6018
10553, 14879, 9281, 4120, 4861, 9841, 6382, 3065, 10883, 6066
10566, 14923, 9281, 4123, 4861, 9841, 6418, 5294, 10898, 6067
10962, 14993, 9317, 4123, 4861, 9859, 6774, 5297, 10898, 6067
11061, 14993, 9317, 4561, 4861, 9879, 6781, 5315, 10898, 6073
11061, 15498, 10264, 4561, 4866, 9879, 6781, 5315, 10905, 6119
11205, 15498, 10264, 4561, 4866, 11966, 6899, 5331, 10938, 6119
11206, 15553, 10278, 4760, 4873, 11966, 6904, 5341, 10938, 6127
11206, 15610, 10286, 4761, 4873, 11981, 6904, 5341, 10963, 6127
11206, 15612, 10509, 4763, 4873, 13889, 6904, 5343, 11087, 6155
11208, 15614, 10515, 5076, 4938, 13889, 7076, 5343, 11727, 6162
11208, 15614, 10943, 5076, 5063, 14148, 7076, 5361, 11833, 6162
11401, 15614, 10943, 5361, 5063, 14148, 7086, 5447, 11833, 6463
11401, 15617, 10948, 6046, 5063, 14167, 7236, 5447, 12017, 6539
11451, 15617, 10948, 6144, 5174, 14178, 7236, 6241, 12139, 6539
14250, 15620, 11115, 6144, 5237, 14178, 7243, 6241, 14064, 6558
14827, 15620, 11208, 6169, 5237, 14178, 7257, 6241, 14360, 6566
14840, 15642, 11259, 6291, 5237, 14382, 7506, 6241, 14740, 6730
14920, 15871, 11270, 6310, 5237, 14389, 7844, 6243, 14740, 7013
14920, 15871, 11270, 6310, 5499, 14509, 7890, 6275, 14773, 7039
14948, 15871, 11270, 6310, 5540, 14994, 7892, 6291, 14798, 7039
14952, 15871, 11461, 6343, 5914, 14997, 8212, 6291, 14798, 7114
14952, 15895, 11462, 6343, 5914, 14997, 8213, 6291, 16381, 7123
15059, 15901, 11462, 6343, 5914, 17599, 8263, 6353, 16383, 7127
15084, 16192, 11643, 6399, 5920, 17599, 8266, 6353, 16383, 7127
15084, 16202, 11643, 6606, 5926, 17698, 8266, 6353, 16705, 7140
15088, 16202, 11643, 6607, 5926, 17820, 8266, 6353, 16705, 7158
15093, 16207, 11643, 6607, 6111, 17839, 8268, 6353, 16705, 7192
15094, 16211, 12033, 6610, 6111, 17839, 8388, 6353, 16719, 7212
15100, 16253, 12036, 6841, 6111, 17839, 8388, 6353, 16719, 7214
15113, 16466, 12532, 6844, 6111, 17842, 8799, 6379, 16724, 8657
15113, 16505, 12536, 6996, 6111, 17842, 8799, 6385, 16743, 8657
15113, 16694, 12539, 6997, 6132, 17854, 9378, 6385, 16796, 8657
15193, 16694, 12571, 7050, 6159, 17854, 9378, 6389, 16829, 8662
15240, 16694, 12688, 7050, 6159, 17857, 9532, 6688, 16829, 8775
15421, 16767, 12688, 7415, 6160, 18022, 10768, 6688, 16829, 9124
15421, 16767, 12700, 7425, 6781, 18024, 10774, 6688, 16852, 9128
15425, 16770, 12709, 7673, 7451, 18024, 10790, 6692, 16852, 9128
15425, 16770, 12709, 7693, 7463, 18126, 11038, 6692, 17451, 9131
15443, 17053, 12714, 7726, 7463, 18278, 11038, 6724, 17467, 9135
15443, 17061, 14663, 7947, 7463, 18311, 11038, 7041, 17467, 9181
15443, 17061, 14663, 7947, 7463, 18479, 11087, 7045, 17467, 9246
15444, 17061, 14663, 7947, 7561, 18484, 11093, 7045, 17467, 9393
15444, 17061, 14663, 7967, 7561, 18528, 11233, 7069, 17563, 9393
15549, 17064, 14663, 7967, 7561, 18528, 11365, 7069, 17566, 9399
15899, 17064, 14664, 7994, 7654, 18528, 11541, 7089, 17568, 10939
15899, 17064, 14664, 7994, 7661, 18528, 11541, 7113, 17568, 10972
15911, 17090, 15292, 7994, 7919, 18528, 11901, 7113, 17593, 10972
16156, 17091, 15292, 8001, 7919, 18577, 12043, 7114, 17613, 10972
16192, 17091, 15395, 8001, 7921, 18734, 12043, 7114, 17620, 11050
16252, 17096, 15602, 8001, 7998, 18821, 12052, 7456, 17620, 11050
16252, 17096, 15602, 8001, 8006, 19008, 12052, 7470, 17620, 11131
16252, 17096, 15638, 8008, 8006, 19010, 12065, 7472, 17961, 11314
16557, 17096, 15638, 8008, 9644, 19014, 12065, 7479, 17961, 11314
16557, 17518, 15721, 8008, 9762, 19014, 12065, 7479, 18124, 11371
16569, 17518, 16024, 8116, 9762, 19014, 12084, 7504, 18124, 11371
16579, 17518, 16118, 8116, 9762, 19014, 12084, 7757, 18124, 11371
16579, 17518, 16215, 8116, 9762, 19072, 12084, 7763, 18273, 11997
16620, 17522, 16344, 8116, 9766, 19082, 12421, 7811, 18280, 11997
16698, 17602, 16358, 8125, 9878, 19086, 12424, 7811, 18280, 12003
16698, 17839, 16413, 8125, 10212, 19086, 12646, 7811, 18280, 12053
16698, 18047, 16421, 8172, 10486, 19146, 12648, 7811, 18612, 12067
16698, 18254, 16751, 8172, 10488, 19147, 12772, 7929, 18619, 12067
16698, 18279, 16751, 8172, 10680, 19155, 12775, 8388, 18619, 12067
16698, 18312, 16967, 8172, 10720, 19206, 12781, 8388, 18619, 12067
16698, 18785, 18918, 8177, 10721, 19206, 12781, 8389, 18619, 12099
18672, 18958, 18918, 8693, 10721, 19230, 12781, 8598, 19440, 12099
18672, 18961, 18918, 9513, 11597, 19230, 13616, 8605, 19557, 12099
18731, 18992, 18943, 11064, 11627, 19232, 13616, 8607, 19586, 12342
18767, 19250, 18943, 11253, 11645, 19232, 13926, 8607, 19586, 12408
18863, 19514, 18943, 11441, 11661, 19477, 14038, 8607, 19590, 12408
18863, 19515, 19071, 11635, 11661, 19481, 14038, 8614, 19590, 12414
18864, 19515, 19114, 12420, 12395, 19564, 14050, 8620, 19590, 12655
18878, 19518, 19114, 12420, 13064, 19564, 14126, 8620, 19594, 12655
19000, 19527, 19114, 12614, 13072, 19573, 14258, 8839, 19597, 12658
19000, 19527, 19499, 12639, 13072, 19719, 14262, 8874, 19747, 14367
19086, 19936, 19585, 13724, 13072, 19772, 14331, 8874, 19747, 15015
19086, 19936, 20195, 13724, 14257, 19800, 14331, 8874, 20202, 15021
19086, 19937, 20217, 13751, 14257, 19800, 14450, 9203, 20215, 15021
19088, 19940, 20364, 13796, 14257, 19841, 14687, 9977, 20215, 15078
19127, 19955, 20417, 13796, 14260, 19857, 14687, 10217, 20220, 15485
19401, 19955, 20477, 13797, 14381, 20076, 14687, 10234, 20222, 15629
19401, 19959, 20477, 13802, 14381, 20076, 14687, 10234, 20222, 15629
19669, 19959, 21037, 13815, 14406, 20085, 14909, 10247, 20265, 15629
19670, 19959, 21158, 13815, 14418, 20167, 14917, 10900, 20377, 15698
19718, 19959, 21247, 13857, 14455, 20272, 15483, 11436, 22001, 15698
19741, 19966, 21247, 13857, 14915, 20272, 15483, 11438, 22001, 15698
19744, 19966, 21254, 14036, 15009, 20625, 15483, 11438, 22027, 15733
19744, 19966, 21254, 14330, 15155, 20637, 15483, 11460, 23467, 15733
19870, 19986, 21254, 14337, 15159, 20660, 15483, 11460, 23467, 15735
20168, 20013, 21254, 14339, 15159, 20660, 16232, 11467, 23467, 15742
20169, 20104, 21254, 14345, 15867, 20660, 16239, 11494, 23472, 15742
20169, 20104, 21272, 14347, 15867, 20812, 16239, 11759, 23992, 15742
20169, 20104, 21274, 14347, 15867, 20877, 16443, 11759, 23992, 15742
20256, 20335, 21274, 14347, 15944, 20893, 16466, 11855, 26096, 15923
20534, 20335, 21650, 14369, 15944, 20895, 16466, 11855, 26096, 15923
20534, 20335, 21650, 14373, 15944, 20953, 16480, 12022, 26096, 15984
20541, 20356, 21651, 14373, 15998, 20953, 16480, 13336, 26219, 15984
20541, 20365, 21651, 14423, 16168, 20953, 16480, 13336, 26226, 15984
20541, 20365, 21651, 14424, 16170, 21075, 16480, 13336, 26372, 15984
20541, 20417, 21651, 14520, 16170, 21075, 16651, 13956, 26413, 16024
20542, 20417, 21875, 14520, 16176, 21077, 16745, 14337, 26454, 16024
20544, 20427, 21897, 14520, 16176, 21427, 16759, 14346, 26454, 16024
20544, 20706, 21901, 14520, 16178, 21547, 16775, 14346, 26454, 16170
20544, 20706, 21903, 14525, 16179, 21547, 16892, 14349, 26454, 16184
20548, 20922, 21964, 14610, 16179, 21547, 16943, 14349, 26454, 16184
20886, 24406, 21965, 14610, 16179, 21548, 16943, 14355, 26454, 16184
20886, 24406, 21965, 14610, 16179, 21549, 16977, 14356, 26663, 16206
20886, 24409, 21995, 14610, 16180, 21962, 16977, 14356, 26688, 16206
20886, 24409, 22021, 14610, 16180, 21975, 16977, 14366, 26731, 16229
20886, 24409, 22764, 14610, 16768, 21975, 16977, 14366, 26731, 16835
20886, 24409, 23245, 14610, 16768, 21975, 18029, 16191, 26731, 16837
21151, 24491, 23693, 14611, 16951, 21977, 18031, 16191, 26797, 17141
21282, 24504, 23693, 14699, 17101, 22095, 18031, 16191, 26797, 17145
21284, 24508, 23693, 14699, 17101, 22095, 18036, 16191, 27462, 17215
21284, 24516, 24133, 14700, 17192, 22116, 18131, 16191, 27469, 17339
21286, 24517, 24160, 15482, 17198, 22116, 18544, 16192, 27469, 17592
21286, 24606, 24160, 15482, 17243, 22117, 18544, 16302, 27469, 17593
21286, 24606, 24160, 15482, 17243, 22117, 18544, 16788, 27471, 17594
21314, 24606, 25266, 15482, 17249, 22117, 19323, 16788, 27471, 17716
21470, 24625, 25276, 15680, 17249, 22117, 19349, 16856, 27477, 17716
22723, 25119, 25369, 15680, 17249, 22202, 19356, 16856, 27477, 17718
24356, 25122, 25369, 15680, 17249, 22282, 19386, 16856, 27481, 17741
24372, 25648, 25476, 15681, 17951, 22282, 19386, 16856, 27482, 17741
24372, 25648, 25549, 15681, 18017, 22339, 19393, 16856, 27543, 17801
24919, 25743, 25549, 15723, 18019, 22339, 19393, 16856, 27543, 18055
24919, 25767, 25549, 15731, 18019, 22351, 19393, 16860, 27573, 18064
24920, 27225, 25549, 15731, 18234, 22363, 19393, 16860, 27573, 18134
24920, 27335, 25578, 15895, 18352, 22643, 19396, 16861, 27573, 18134
24922, 27335, 25579, 16803, 18352, 23072, 19396, 16861, 27573, 18134
24983, 27335, 25579, 16833, 18352, 23073, 19421, 17136, 27573, 18387
24989, 27426, 25579, 16865, 19432, 23073, 19558, 17188, 27777, 18402
24997, 27426, 25759, 16893, 19432, 23073, 19558, 17197, 28073, 18425
24997, 27426, 25783, 16893, 19444, 23073, 19558, 17288, 28074, 18425
24997, 27983, 25884, 16893, 19444, 23207, 19564, 17292, 28276, 18426
25001, 27983, 25884, 16893, 19445, 23207, 19597, 17292, 28284, 18426
25349, 27987, 25884, 17192, 19445, 23207, 19597, 17292, 28317, 18439
25349, 28049, 25884, 17704, 19469, 23605, 19598, 17293, 28336, 19309
25349, 28049, 25891, 17740, 19482, 23630, 19621, 17296, 28336, 19309
25408, 28053, 26059, 17740, 19728, 23662, 19621, 17296, 28336, 19329
25414, 28053, 26140, 17752, 19880, 23681, 19730, 17555, 28389, 19940
25414, 28053, 26140, 17752, 19880, 23681, 19730, 17555, 28432, 20206
25414, 28406, 26140, 17760, 19880, 23763, 19730, 17555, 28432, 20206
25431, 28406, 28012, 17865, 19880, 23763, 20099, 17557, 28599, 20286
25431, 28410, 28012, 17865, 19880, 23763, 20099, 17558, 28600, 20291
25523, 28410, 28158, 17865, 19885, 23766, 20099, 17593, 28601, 20442
25523, 28419, 28158, 17890, 19889, 23766, 20560, 19228, 28620, 20457
25647, 28426, 28158, 17899, 20201, 23778, 20563, 19228, 28678, 20474
25649, 28562, 28158, 17899, 20380, 23778, 20563, 20165, 28678, 20516
26753, 28564, 28158, 17943, 21523, 23778, 20563, 21017, 28725, 20539
26815, 28574, 28171, 18228, 21523, 23800, 20694, 21017, 28725, 20539
26817, 28574, 28182, 18230, 21523, 23800, 20694, 21036, 28947, 20539
26861, 28580, 28182, 18340, 21523, 23807, 20694, 21039, 28947, 20541
26876, 28581, 28182, 18350, 21523, 23807, 20694, 21062, 28947, 20543
26927, 28582, 28186, 18616, 21523, 23807, 20905, 21062, 29020, 20550
27045, 28582, 28205, 18959, 21760, 23807, 20938, 21220, 29020, 20550
27045, 28666, 28862, 18959, 21760, 23835, 20943, 21222, 29530, 20567
27066, 28666, 28862, 19018, 21760, 23931, 20943, 21223, 29585, 20576
27067, 28783, 28862, 19039, 21948, 23931, 20952, 21256, 29585, 20801
27067, 28783, 28908, 19137, 21948, 23951, 20958, 21256, 29614, 20806
27105, 28886, 29498, 19517, 21949, 23954, 20963, 21256, 29614, 21162
27105, 28886, 29498, 19519, 21988, 24014, 21034, 21342, 29774, 21237
27105, 28886, 29506, 19858, 21988, 24022, 21170, 21342, 29799, 21237
27105, 28886, 29508, 19875, 22013, 24027, 21170, 21342, 29943, 21349
27105, 28886, 29566, 19934, 22174, 24122, 21170, 21344, 29944, 21349
27133, 28886, 29679, 19934, 22174, 24122, 21176, 21362, 29944, 21527
27322, 28900, 29679, 19975, 22178, 24122, 21483, 21362, 29956, 21534
27512, 28912, 29685, 20128, 22245, 24122, 21484, 21372, 29970, 21794
27639, 28912, 29685, 20129, 22294, 24122, 21484, 21372, 29971, 21794
27651, 28942, 29685, 20129, 22319, 24122, 21508, 23138, 29971, 21794
27651, 29384, 29715, 20130, 22382, 24240, 21508, 23138, 30722, 22115
27657, 29384, 29717, 20137, 22382, 24250, 21549, 23138, 30722, 22115
27908, 29386, 29735, 20137, 22383, 24251, 21567, 23141, 30722, 22117
27908, 29386, 29775, 20206, 22456, 24252, 21567, 23316, 30722, 22145
27912, 29386, 29987, 20206, 22457, 24256, 21567, 23316, 30771, 22164
27916, 30599, 30009, 20206, 22457, 24256, 21567, 23389, 31131, 22164
27938, 31359, 30009, 20206, 22457, 24259, 21567, 23452, 31132, 22164
27938, 31430, 30009, 20206, 22867, 24297, 21690, 23458, 31133, 22164
27950, 31432, 30010, 20212, 22867, 24331, 21690, 23676, 31133, 22164
27950, 31432, 30043, 20212, 22867, 24331, 21690, 23686, 31133, 22164
27950, 31432, 31732, 20243, 22870, 24393, 21792, 23686, 31184, 22386
27954, 31676, 31858, 20266, 22870, 24396, 21855, 23699, 31189, 22388
27958, 31677, 31858, 20266, 22870, 24398, 21855, 23713, 31234, 22391
28073, 31677, 31858, 20279, 22870, 24582, 21855, 23719, 31234, 22391
28073, 31678, 32275, 20281, 22870, 24582, 21895, 23834, 31324, 22607
28073, 31678, 32312, 20915, 22892, 24602, 21916, 24034, 31409, 22683
28091, 31823, 32313, 20915, 22892, 25769, 21918, 24088, 31474, 22683
28104, 31837, 32313, 24227, 22967, 25769, 21918, 24088, 31474, 22696
28104, 31837, 32342, 24227, 22968, 25831, 22126, 24088, 31770, 22730
28614, 31837, 32943, 24265, 22988, 27631, 22126, 24088, 31770, 22730
28614, 32856, 32981, 24345, 23002, 27631, 22374, 24088, 31770, 22968
28614, 32864, 33003, 24362, 23002, 27631, 22374, 24750, 31789, 22969
28614, 33031, 33017, 24362, 23200, 28118, 22374, 24752, 31789, 22974
28614, 33034, 33045, 24465, 23201, 28118, 22375, 24768, 31789, 22974
28614, 33200, 33045, 24465, 23207, 28119, 22375, 24798, 31789, 23963
28614, 33213, 33045, 24630, 23229, 28124, 22405, 24798, 31789, 24275
28614, 33214, 33070, 25525, 23229, 28124, 22405, 24913, 31789, 24301
28635, 37346, 33098, 25541, 23229, 28124, 22405, 24955, 31789, 24544
28636, 37346, 33098, 25719, 23312, 28124, 22405, 25049, 31789, 25042
28636, 37346, 33098, 25720, 23333, 28124, 22407, 25054, 31789, 25058
28909, 37347, 33103, 25720, 23333, 28484, 22407, 25121, 31832, 25606
28928, 37372, 33103, 25726, 23335, 28633, 23675, 25605, 31872, 25607
28928, 37384, 33480, 25726, 23335, 28854, 23955, 25642, 32900, 25607
28931, 37384, 33489, 25744, 23335, 28995, 23957, 25642, 32900, 25621
28931, 37384, 33489, 25744, 23336, 29001, 23998, 25674, 32906, 25681
28933, 37402, 33567, 25744, 23336, 29001, 24378, 25693, 32906, 25684
28933, 37447, 33567, 25744, 23340, 29001, 24378, 25693, 32909, 25684
29108, 37453, 33849, 25744, 23340, 29001, 24414, 25700, 34403, 25684
29175, 37458, 33860, 25769, 23538, 29001, 24414, 25947, 34405, 25684
29242, 37495, 33870, 25810, 23539, 29027, 24600, 26852, 34514, 25939
29242, 37495, 33888, 25810, 23539, 29027, 24600, 26852, 34798, 25947
29242, 37673, 34037, 25854, 23539, 29971, 24600, 26866, 35485, 25955
29242, 37877, 34037, 25854, 23539, 29978, 24852, 26987, 35485, 25968
29242, 38134, 35266, 25854, 23539, 29978, 24852, 27413, 35486, 26051
29252, 38141, 35266, 25854, 23539, 30274, 24860, 27425, 35651, 26051
29384, 38640, 35266, 25854, 23539, 30275, 24860, 27457, 35654, 26051
29391, 38641, 35270, 25925, 23562, 30275, 24930, 27489, 35775, 26201
29419, 38651, 35273, 25926, 23592, 30275, 25174, 28147, 37079, 26201
29480, 38651, 35418, 25927, 23592, 30275, 25174, 28202, 37153, 26201
29658, 39667, 35420, 25927, 23592, 30275, 25943, 28473, 37190, 26211
29658, 39684, 36234, 25929, 23629, 30358, 25943, 28480, 37222, 26211
29658, 39703, 36234, 26816, 23632, 30373, 25981, 28562, 37231, 26211
29984, 39761, 36247, 26816, 23632, 30430, 26183, 28567, 39226, 26243
29984, 39779, 36266, 27677, 23635, 30430, 26190, 28687, 39294, 26243
29988, 39878, 36266, 27684, 23635, 30430, 26190, 28803, 41294, 26896
30108, 39878, 36266, 27784, 23635, 30430, 26193, 28902, 41294, 26896
30108, 39911, 36266, 27784, 23679, 30556, 26193, 28908, 41294, 26899
30515, 39912, 36362, 27813, 23739, 32125, 26198, 28908, 41556, 26907
30515, 39912, 36362, 27813, 23740, 32164, 26198, 29325, 41556, 26907
30516, 39926, 36384, 27813, 23741, 32465, 26198, 29380, 41563, 28926
30516, 39926, 36497, 27866, 23741, 32465, 26220, 29866, 41563, 28953
30516, 39926, 36581, 27881, 24091, 32465, 26381, 29867, 41678, 28953
30566, 39926, 36603, 27881, 24573, 32478, 26381, 29867, 41681, 28993
30900, 39926, 36670, 27881, 24575, 32478, 26381, 29890, 41731, 28993
30912, 40038, 36817, 27887, 24583, 32588, 26381, 29890, 41755, 29032
30912, 40056, 36817, 27937, 25318, 32592, 26383, 30030, 41775, 29049
30918, 40057, 36817, 27937, 25318, 32592, 26383, 30046, 41775, 29049
31156, 40057, 36853, 27937, 25319, 32645, 27339, 30046, 41870, 29049
31200, 40133, 36853, 27939, 25457, 32645, 27339, 30051, 41919, 29107
31391, 41293, 36870, 27939, 25461, 32674, 27447, 30367, 41919, 29107
31391, 41360, 36912, 27939, 25461, 32674, 27523, 30374, 41919, 29309
31393, 41360, 37005, 27939, 25461, 32745, 27525, 30773, 41970, 29367
31394, 41393, 37606, 27939, 25461, 32760, 27535, 31077, 41970, 29383
31394, 41393, 37606, 27942, 25480, 32801, 27535, 31077, 41970, 29383
31435, 41528, 37606, 27942, 25594, 32801, 27557, 31080, 41995, 29405
31824, 41536, 37606, 27947, 25594, 32801, 27559, 31080, 42005, 29411
31830, 41558, 37606, 27947, 25596, 32801, 27571, 31147, 42206, 29515
33365, 41558, 37607, 27947, 25597, 32801, 27571, 31147, 42206, 29564
34271, 41558, 37869, 27960, 25973, 32801, 27571, 31147, 42206, 29564
34271, 41558, 38084, 27961, 25977, 32801, 27573, 31150, 42269, 29730
34282, 41576, 38084, 27961, 26126, 32893, 27573, 31168, 42285, 30226
34514, 41576, 38084, 27964, 26126, 32893, 27888, 31168, 42285, 30258
34549, 41577, 38084, 27964, 28619, 32906, 27924, 31199, 42331, 30348
34549, 41577, 38249, 27971, 29228, 33020, 27924, 31199, 42331, 30952
34549, 41577, 38415, 27988, 29231, 34280, 27924, 31213, 42337, 30952
34549, 41584, 38415, 27993, 29231, 34287, 27924, 31213, 42337, 30952
34549, 41584, 38551, 27993, 29231, 34408, 28088, 31213, 42337, 31237
34557, 41584, 38551, 27993, 29231, 34419, 28090, 31213, 42337, 31268
34557, 41590, 38552, 27993, 29478, 34429, 28090, 31221, 42337, 31268
34631, 41808, 38552, 27993, 29543, 34429, 28441, 31221, 42619, 31323
34649, 41811, 38597, 28000, 29543, 34429, 28589, 31221, 42632, 31533
34650, 41813, 38597, 28000, 29543, 34429, 28590, 31221, 42665, 32429
34650, 41813, 38632, 28000, 29544, 34448, 28590, 31253, 42665, 32461
35637, 41813, 38639, 28000, 29544, 34448, 28590, 31253, 42750, 32463
35795, 41821, 38641, 28059, 31143, 34448, 28596, 31255, 42814, 32632
35795, 41822, 38677, 28086, 31143, 34497, 29166, 31255, 42814, 32632
35795, 41827, 38711, 28087, 31143, 34497, 29167, 31255, 42905, 32645
35846, 41827, 38746, 28087, 31143, 34497, 29167, 31387, 42995, 33415
35846, 41827, 38746, 28088, 31143, 34671, 29167, 31388, 43050, 33415
35934, 41842, 38746, 28088, 31226, 34723, 29171, 31469, 43070, 33415
35946, 41842, 39225, 28109, 31226, 34756, 29180, 31476, 43213, 33415
36015, 41847, 40734, 28110, 31232, 34758, 31200, 31480, 43313, 33415
36015, 41851, 41255, 28110, 31255, 35005, 31203, 31480, 43313, 34467
36016, 41925, 41255, 28161, 31266, 35147, 31203, 31656, 43340, 35849
36049, 41925, 41261, 28161, 31266, 35154, 31203, 31685, 43399, 35856
36056, 41926, 41262, 28161, 31279, 36781, 31771, 31685, 43399, 35856
36271, 41926, 41262, 28161, 31394, 36781, 31771, 31685, 43693, 35858
36460, 41956, 41281, 28808, 31394, 36836, 31830, 31916, 43693, 35917
36460, 41956, 41296, 28918, 31411, 36841, 31830, 31918, 43693, 35917
36460, 41967, 41315, 28918, 31708, 36841, 31830, 31919, 43693, 35952
36460, 41971, 41327, 28925, 31708, 36842, 31830, 31939, 43746, 35965
36573, 41971, 41330, 28964, 31978, 36856, 31830, 31942, 43783, 35976
36573, 41971, 41330, 28964, 32320, 36856, 31846, 31942, 43805, 35980
36574, 42000, 41333, 28964, 32367, 36862, 31846, 32085, 43959, 36602
36592, 42000, 41333, 28964, 32367, 36868, 31884, 32139, 43959, 36602
36592, 42048, 41333, 28964, 32462, 36876, 31884, 32139, 43968, 36602
37420, 42175, 41600, 28964, 32869, 36877, 31885, 32140, 45222, 36712
37420, 42224, 41611, 29041, 33152, 36883, 31927, 32145, 45459, 36972
37649, 42242, 41611, 29052, 33187, 36885, 31982, 32287, 45459, 36972
37649, 42243, 41611, 29060, 33187, 37977, 31982, 32287, 45551, 36972
37649, 42285, 42129, 29060, 33199, 37977, 31982, 32348, 45552, 36972
37649, 42321, 42129, 29193, 33199, 38138, 32021, 32348, 45555, 36972
37649, 42321, 42225, 29194, 33522, 38138, 32033, 32526, 45555, 36982
37711, 42324, 42474, 29200, 33578, 38138, 32382, 32546, 45555, 37088
37711, 42365, 42474, 29200, 33626, 38141, 32922, 32694, 45875, 37094
37711, 42380, 42474, 29352, 33751, 38141, 32922, 32766, 45875, 37094
37711, 42382, 42529, 29352, 33752, 38149, 32922, 32766, 45879, 37094
37746, 42382, 42595, 29408, 33827, 38150, 32922, 32766, 45904, 37201
37746, 42621, 42641, 29968, 34325, 38188, 33091, 32766, 45948, 37201
37746, 42670, 42641, 29968, 34402, 41238, 33305, 32767, 45955, 37201
37769, 42676, 42762, 29968, 34402, 41567, 33305, 32767, 46118, 37207
37771, 42680, 42762, 30115, 34418, 41631, 33329, 32784, 46118, 37227
37773, 42712, 42799, 30115, 34422, 41631, 33910, 32784, 46118, 37322
37918, 42719, 42799, 30130, 34463, 41658, 33910, 32785, 46206, 37363
37918, 42719, 42875, 30602, 35253, 41660, 33913, 32785, 46207, 38724
38105, 42725, 42875, 30607, 35253, 41661, 33913, 32804, 46237, 38727
38105, 42725, 42897, 30607, 35261, 41661, 33913, 32804, 46345, 38727
39686, 42725, 42897, 30608, 35267, 41967, 33922, 32830, 46351, 38748
39695, 42875, 42897, 30608, 35267, 41967, 33924, 32837, 46592, 38750
39695, 42875, 42897, 30608, 35267, 41967, 33953, 32907, 46592, 38750
39695, 42875, 42897, 30608, 35267, 41970, 33994, 33000, 46616, 38750
41052, 42975, 42897, 30614, 35354, 41972, 34014, 33000, 47697, 38750
41074, 42975, 42897, 30614, 35367, 42354, 34114, 33001, 47697, 38769
41094, 42975, 43024, 30614, 35574, 42354, 34891, 33045, 47819, 38852
41101, 42975, 43178, 30624, 35576, 42354, 34891, 33053, 49487, 38880
41101, 42981, 43305, 30624, 35653, 43073, 34891, 33053, 49497, 38999
41101, 43020, 43305, 30665, 35733, 43079, 35161, 33053, 49990, 39002
41101, 43045, 43323, 30672, 35736, 43089, 35242, 33053, 49994, 39063
41573, 43045, 43382, 30672, 35736, 43089, 35571, 33053, 50015, 39068
41573, 43045, 43382, 30673, 35838, 43185, 35571, 33053, 50042, 39080
41598, 43045, 43382, 30673, 35838, 43189, 35571, 33057, 50042, 39080
41608, 43064, 43422, 30673, 35841, 43189, 35571, 33057, 50042, 39183
41609, 43064, 44072, 30675, 35841, 43196, 35571, 33057, 50044, 39192
41609, 43064, 44072, 30692, 35900, 43196, 35767, 33085, 50044, 39192
41609, 43064, 44074, 30692, 35900, 43202, 36146, 33086, 50068, 39192
41653, 43346, 44074, 30692, 35900, 43202, 36146, 33093, 50068, 39302
41653, 43352, 44074, 30698, 35900, 43473, 36146, 33094, 50068, 39302
41661, 43416, 44074, 30698, 35900, 43473, 36146, 33141, 50409, 39302
41698, 43429, 44074, 30779, 36499, 43507, 37475, 33141, 50445, 39302
41712, 43429, 44074, 30779, 36584, 43507, 37475, 33141, 50445, 39360
41712, 43532, 44074, 30779, 36584, 43590, 37521, 33141, 50445, 39360
41712, 43532, 44079, 30891, 36584, 43616, 37817, 33146, 50478, 39361
41744, 43545, 44079, 30891, 36584, 43616, 37817, 33161, 50678, 39361
41744, 43578, 44150, 30907, 36585, 43813, 37878, 39803, 51015, 39361
42032, 43600, 44151, 30908, 36587, 43813, 37878, 40031, 51015, 39368
42038, 43606, 44151, 30909, 36587, 44139, 37878, 40031, 51015, 39368
42038, 43667, 44317, 30915, 36587, 44139, 38886, 40031, 51626, 39382
42038, 44169, 44317, 30917, 36621, 44182, 38927, 40031, 51627, 39382
42038, 44173, 44317, 30917, 36621, 44625, 39858, 40031, 52209, 39382
42038, 44174, 44317, 30975, 37129, 44625, 39872, 40624, 52210, 39382
42086, 44214, 44317, 30975, 37129, 44925, 39873, 40624, 52210, 39383
42119, 44298, 44317, 30975, 37157, 44925, 39913, 40681, 52347, 41012
42119, 45567, 44317, 31017, 37180, 45218, 40004, 40681, 52347, 41376
42123, 45567, 44325, 31052, 37180, 45401, 40004, 40681, 52347, 41376
42123, 45567, 44421, 31278, 37180, 45401, 40004, 40681, 52347, 41376
42124, 45567, 44421, 31551, 37196, 45665, 40004, 40687, 52347, 41541
42134, 45568, 44421, 31551, 37200, 45941, 40072, 40689, 52347, 41569
42204, 45583, 44921, 31955, 37278, 45941, 40509, 40689, 52347, 41647
42504, 45583, 44921, 31980, 37676, 45941, 40593, 40689, 52347, 41662
42668, 45642, 44921, 31980, 37748, 45946, 40598, 40689, 54399, 41662
43833, 45646, 44923, 32053, 37780, 45946, 40602, 41011, 54399, 41708
43848, 45652, 44923, 32136, 37874, 46092, 40602, 41333, 54399, 41712
45354, 45652, 45099, 32372, 37874, 46314, 40602, 41333, 54424, 41762
45354, 45652, 45105, 32416, 37874, 46314, 40716, 43988, 54424, 41771
45354, 45757, 45105, 32416, 38209, 46314, 40716, 43988, 54442, 41796
45354, 45765, 45105, 32422, 38209, 46314, 40733, 44007, 54631, 41796
45421, 45765, 45210, 32422, 38212, 46774, 40742, 44113, 54634, 41796
45421, 46029, 45269, 32422, 38212, 46774, 41981, 44113, 54634, 41796
45430, 46029, 45270, 32422, 38221, 46782, 41988, 44148, 55165, 41796
45435, 46034, 45277, 32429, 38615, 46782, 41994, 44148, 55165, 41822
45435, 46175, 45653, 32429, 38616, 46824, 42130, 44388, 55212, 41970
45488, 46454, 45653, 32432, 38650, 46850, 42225, 44422, 55212, 42158
45495, 46662, 45676, 32432, 38650, 47047, 42225, 44472, 55213, 42158
45647, 46662, 45676, 32433, 38673, 47282, 42228, 44474, 55213, 42183
45831, 46667, 45676, 32433, 38756, 47282, 42247, 44556, 55213, 42183
45831, 46667, 45678, 32436, 38756, 47282, 42262, 44640, 55472, 42183
45831, 46667, 45739, 32436, 38756, 47282, 42262, 45224, 55487, 42425
49962, 46667, 45755, 32669, 38756, 47323, 42262, 45320, 57177, 42438
49964, 46715, 45756, 32701, 38756, 47323, 42262, 45525, 57177, 42545
49964, 46883, 45772, 32703, 38756, 47323, 42294, 45742, 57177, 42592
50009, 46883, 45798, 32703, 38756, 47337, 42307, 45742, 57557, 42610
50024, 46883, 45804, 32703, 38763, 47779, 42307, 45742, 57557, 42617
50024, 46883, 45804, 32703, 38876, 47779, 42448, 45742, 57746, 42617
50054, 46910, 45875, 32713, 38877, 47779, 42456, 45742, 57858, 42623
50054, 48293, 45875, 32713, 38877, 47779, 42456, 45766, 57930, 42623
50060, 48302, 45875, 32752, 38908, 47804, 42464, 45919, 57930, 42624
50433, 48402, 45898, 32752, 38935, 47807, 42464, 45919, 57930, 42624
50491, 48402, 45951, 32761, 38939, 47808, 42469, 45925, 57930, 42624
50494, 48600, 46004, 32767, 39280, 47812, 42480, 46142, 57943, 42691
50495, 48600, 46004, 32767, 39280, 47812, 42480, 46411, 57943, 42851
50824, 48609, 46007, 32769, 39280, 47832, 42480, 46416, 57943, 42873
50824, 48612, 46007, 32769, 40373, 49211, 42784, 46416, 57943, 42874
50824, 48643, 46139, 32904, 42853, 49214, 42784, 46416, 58344, 44071
50824, 48702, 46144, 32910, 42853, 49214, 42819, 46416, 58500, 44071
51321, 49703, 46144, 32910, 42853, 49425, 43156, 46426, 58500, 45130
51334, 49703, 46170, 32912, 42880, 49425, 43156, 46426, 58510, 45131
51339, 49703, 46777, 33572, 42880, 49425, 43156, 46443, 58510, 45131
51339, 50401, 46777, 33573, 42945, 49429, 43156, 46443, 58693, 45224
51339, 50620, 46821, 33573, 42951, 49429, 43181, 46507, 59610, 45224
52331, 50656, 46821, 33573, 42951, 49632, 43223, 46510, 59670, 45224
52406, 50656, 46821, 33573, 42951, 49633, 43224, 46573, 59681, 45276
52406, 50658, 46821, 33573, 42953, 49998, 43300, 46573, 59689, 45496
52547, 50659, 46997, 33573, 43086, 49998, 43301, 46573, 59762, 45827
52571, 50659, 46997, 33573, 43086, 49998, 43301, 46620, 59764, 45827
52847, 50659, 46998, 33685, 43086, 49999, 43318, 46622, 59806, 46068
52847, 50810, 46998, 33721, 43086, 49999, 43318, 46622, 59806, 46068
52850, 50815, 46998, 33721, 43086, 50001, 43326, 46639, 59965, 46094
52857, 50991, 47074, 33942, 43086, 50001, 43334, 46639, 59969, 46094
52885, 50991, 47214, 33942, 43093, 50015, 43399, 46663, 59969, 46094
52885, 51254, 47245, 33982, 43093, 50024, 43401, 46714, 60011, 46094
52885, 51254, 47245, 34232, 43093, 50024, 43409, 46714, 60011, 46122
52919, 51254, 47278, 34245, 43093, 50024, 43409, 46714, 60163, 46134
52943, 51278, 47278, 34245, 43347, 50032, 43409, 46714, 60505, 46693
52943, 51278, 47278, 34245, 43385, 50040, 43409, 46714, 60510, 46693
52950, 51304, 47278, 34245, 43385, 50051, 44213, 46718, 60513, 46718
52950, 51304, 47428, 34245, 43385, 50265, 44213, 46809, 60514, 46718
52981, 51304, 47501, 34741, 43385, 50265, 44216, 47020, 60524, 46718
53001, 51308, 47507, 34741, 43385, 50265, 44253, 47020, 60528, 46718
53362, 51489, 47646, 34742, 43386, 50402, 44350, 47020, 60528, 46718
53367, 51489, 47996, 34851, 43465, 50409, 44431, 47020, 60528, 48290
53367, 51489, 48085, 34851, 43505, 50411, 44438, 47246, 60528, 48290
53403, 51489, 48085, 34854, 43522, 50411, 44579, 47246, 60529, 48296
53410, 51509, 48107, 34854, 43557, 50412, 44926, 47246, 60567, 48296
53410, 51509, 48111, 34854, 44053, 50476, 44936, 47246, 60596, 48296
53411, 51605, 48389, 34874, 44138, 50552, 44937, 47246, 61551, 48376
53472, 51701, 48389, 36162, 44138, 50787, 44937, 47246, 61556, 48756
53472, 51701, 48863, 36163, 44151, 51062, 44937, 47246, 61556, 48779
53472, 51701, 48863, 36164, 44151, 51062, 44937, 47250, 61556, 48779
53481, 51803, 49394, 36190, 44152, 51073, 45118, 49179, 61592, 48779
53564, 51803, 49394, 36190, 44152, 51073, 45118, 49194, 61592, 48779
54193, 51803, 49394, 36190, 44165, 51082, 46075, 49218, 61592, 48865
54193, 51809, 49402, 37694, 44165, 51083, 46075, 49229, 61594, 49626
54193, 51810, 49531, 38080, 44165, 51083, 46075, 49288, 61594, 49633
54308, 51821, 49533, 38080, 44303, 51083, 46075, 49292, 61623, 49663
54308, 51824, 49533, 38198, 44303, 51083, 46255, 49308, 61642, 49669
54309, 51824, 49683, 38262, 44731, 51116, 46255, 49320, 61650, 49686
54339, 51824, 49683, 38284, 44731, 51323, 46623, 49320, 61704, 49686
54339, 51824, 49683, 38317, 44784, 51323, 46623, 49571, 61704, 49686
54345, 51878, 49691, 38317, 44785, 51323, 46624, 49571, 61704, 49739
54430, 51878, 49691, 39971, 45261, 51350, 46747, 49571, 61960, 50193
54614, 51878, 49693, 41352, 45261, 51350, 48372, 49575, 62028, 50194
54644, 51878, 50061, 41484, 45322, 51420, 48372, 49575, 62028, 50256
55203, 51879, 50061, 41484, 45322, 52345, 48372, 49707, 62064, 50266
55227, 51879, 52213, 41522, 45322, 52387, 48416, 49732, 62064, 50266
55244, 51960, 52461, 41522, 45322, 52387, 48697, 49732, 62119, 50283
55360, 52143, 52461, 41531, 45322, 52388, 48702, 49747, 62153, 50851
55367, 52380, 52461, 41780, 45580, 52401, 48702, 49747, 62179, 50861
55491, 52383, 52461, 41793, 45580, 52412, 48702, 49999, 62227, 50868
55503, 52383, 52555, 41793, 45581, 52412, 48702, 49999, 62242, 50868
55503, 52410, 52572, 41793, 45582, 52412, 48702, 50364, 62242, 50868
55503, 52437, 53577, 41800, 45585, 52509, 48702, 50497, 62266, 50901
55509, 52824, 53627, 42029, 45592, 52509, 48702, 50521, 62267, 51109
55510, 52825, 53636, 42107, 45592, 52509, 48702, 50553, 62267, 51213
55591, 52833, 53720, 42108, 45592, 52509, 48702, 50553, 62267, 51222
55591, 52866, 53720, 42508, 45593, 52524, 48702, 50578, 62270, 51222
55602, 52866, 53763, 43412, 45593, 52524, 48702, 50583, 62287, 51227
55658, 52866, 53763, 43412, 45593, 61524, 48720, 50587, 62287, 51228
55658, 52866, 53772, 43437, 45593, 61527, 48733, 50587, 62287, 51245
55659, 52866, 55375, 43520, 45624, 61527, 48733, 50587, 62287, 51245
55659, 52868, 55375, 43564, 45624, 61527, 48740, 50587, 62287, 51245
