10
3
2
5
9
16
23
37
59
65
60
53
72
19
19
23
25
29
36
43
55
69
74
100
107
116
138
157
180
207
247
283
306
358
400
445
494
572
625
698
782
853
953
1044
1187
1296
1383
1528
1679
1831
2032
2184
2336
2554
2803
3009
3292
3546
3782
4089
4490
4750
5183
6036
6582
6918
7271
7750
8247
8678
9316
9912
10689
11094
11864
12407
13330
13852
14955
15561
16455
17501
18426
19453
20439
21510
22681
23820
25029
26547
27791
29178
31352
33465
34870
35814
37031
37077
38418
40299
42513
43986
46151
48998
51894
54004
57131
58818
64279
67800
70864
74083
76989
79324
82169
86743
89744
88003
91146
95273
