1.0
0.5714285714285714
0.5384615384615384
0.6
0.6428571428571429
0.6756756756756757
0.7021276595744681
0.7241379310344828
0.7428571428571429
0.7590361445783133
0.7731958762886598
0.7857142857142857
0.796875
0.8068965517241379
0.8159509202453987
0.8241758241758241
0.8316831683168316
0.8385650224215246
0.8448979591836735
0.8507462686567164
0.8561643835616438
0.861198738170347
0.8658892128279884
0.8702702702702703
0.8743718592964824
0.8782201405152225
0.8818380743982495
0.8852459016393442
0.8884615384615384
0.891500904159132
0.8943781942078365
0.8971061093247589
0.8996960486322189
0.902158273381295
0.9045020463847203
0.9067357512953368
0.9088669950738916
0.9109026963657679
0.9128491620111732
0.9147121535181236
0.9164969450101833
0.9182083739045764
0.9198508853681268
0.9214285714285714
0.922945205479452
0.924404272801972
0.925808997632202
0.9271623672230652
0.9284671532846716
0.9297259311314126
0.9309410968178741
0.9321148825065274
0.9332493702770781
0.9343465045592705
0.9354081033470346
0.9364358683314415
0.9374313940724479
0.938396176314392
0.9393316195372751
0.9402390438247012
0.9411196911196911
0.941974730931212
0.9428052655469814
0.9436123348017621
0.9443969204448246
0.9451599501454092
0.9459023011707711
0.9466248037676609
0.9473282442748091
0.948013367991088
0.9486808818214673
0.9493314567206192
0.9499657299520219
0.9505843071786311
0.9511877643996095
0.9517766497461929
0.9523514851485149
0.952912767884093
0.9534609720176731
0.9539965497412306
0.9545199326221224
0.9550315327666575
0.9555317439057058
0.956020942408377
0.9564994882292733
0.9569677257943457
0.9574259848299487
0.9578745811393011
0.9583138173302108
0.9587439834975934
0.9591653578640341
0.9595782073813708
0.9599827882960413
0.9603793466807166
0.9607681189345447
0.9611493322541481
0.9615232050773502
0.9618899475014583
0.9622497616777884
0.9626028421839941
0.9629493763756419
0.9632895447183732
0.9636235211018894
0.9639514731369151
0.9642735624362028
0.9645899448805746
0.9649007708709201
0.9652061855670103
0.9655063291139241
0.965801336856832
0.9660913395448297
0.9663764635244672
0.9666568309235762
0.9669325598259608
0.9672037644374732
0.9674705552439709
0.9677330391616106
0.9679913196799131
0.9682454969979987
0.9684956681543713
