1047
1056
1115
3836
3994
4697
5212
5301
5351
6985
6991
12439
12639
12652
12977
13602
13657
13657
14570
14645
14648
14659
14835
14837
14951
15036
15253
15257
15437
15451
15579
15619
15638
16384
21240
21298
21314
21314
21317
21327
21359
21839
41608
41608
41660
41958
41958
42158
42159
43022
43093
44532
44532
45220
49391
49528
49528
49528
49690
49720
49760
49760
49765
49765
49805
49805
49840
49959
50018
50066
61777
62382
62382
62383
62901
62904
63338
63405
63405
63405
63433
63433
63464
63479
63479
63508
63569
63569
63607
63607
63611
63616
63617
63617
63617
63851
63854
64298
65367
65636
65935
66167
66201
66205
67559
67559
67559
67559
67559
67777
67805
67805
67843
67843
67962
68332
68395
68493
68524
68524
68524
68524
68592
69076
69710
69710
70579
71682
72221
72245
72251
72251
72341
72341
72341
72371
72371
72371
72404
78235
79719
79719
82071
82158
83351
85759
85766
86649
86649
86649
86687
88764
88765
88804
88806
88807
88807
89284
89284
89293
89371
89371
89781
89781
89784
89985
94905
95227
95227
95227
95227
95255
95260
95263
95271
95361
95421
95421
95457
95741
95832
96033
96050
96050
96407
96407
96421
96424
96602
96602
96602
96911
97582
97802
98290
98496
98496
98529
98529
99358
100556
100930
102447
102447
102447
102505
102548
102548
102552
102552
102931
102971
102971
103008
103231
103231
103233
103250
103250
108174
108352
109084
109084
109084
109230
109230
109230
109239
109469
109469
109474
109623
110690
110793
110793
111234
111264
111285
111628
111769
111769
117746
119861
120865
120876
121258
123032
123079
123079
123091
123102
123874
123898
123916
129123
129141
129189
130670
134558
144873
145031
145165
145165
145553
146031
146682
146682
146682
146763
146867
146867
146989
147398
147401
148428
148487
152481
152953
152953
153062
153062
153062
153062
153086
153132
153134
154623
154853
154856
155458
158348
158348
159183
159265
159942
159954
161149
161149
161149
161149
161152
162518
162587
162587
162587
162587
162759
162998
162998
163069
163273
163405
163416
163446
163493
163501
163705
163720
163720
163763
163763
163823
163856
169319
169829
169833
169833
169838
169838
169867
170194
170194
171212
171222
171222
172520
172876
172878
172878
173635
173635
173695
173700
173700
173700
173700
173700
173700
176351
176360
176368
176380
176380
176920
177505
177505
177521
177521
177717
179886
179886
179886
179891
179892
179892
179898
180140
181988
181988
181988
181988
181988
182838
182846
182846
183086
183086
183107
183292
183313
183459
183774
184270
184357
184357
184357
184365
