709558000
0
43546000
709082000
40084000
196650000
184604000
30875000
13224000
485140000
0
1415665000
42280000
0
87138000
169283000
12760000
0
266913000
14321000
0
3882000
47552000
0
35102000
228067000
72059000
531000
69439000
7591000
52728000
13144000
6012000
132389000
1199809000
18228000
6783000
0
0
0
12736000
141789000
5110135000
512000
5808000
68422000
0
22398000
0
747436000
23849000
334215000
2390000
168604000
1035062000
31578000
3106000
437000
39160000
5949000
7684000
0
0
193000
10338000
163000
6292000
5776000
16805000
9193000
3795689000
148455000
0
628000
314942000
0
75760000
10889000
839000
0
15435000
0
10368000
5025000
0
5439000
17052000
811000
10618000
0
1202000
3757000
1379000
1051000
0
47007000
1999000
79074000
337584000
28262000
70734000
35668000
8903000
2449000
317642000
0
0
0
788000
124702000
3425000
2825000
8474000
0
30191000
314779000
30383000
35708000
12299000
0
1067000
0
16596000
116446000
213036000
3599000
159843000
289118000
158756000
35769000
7352000
411000
17122000
666000
3369000
8844000
0
0
903000
1592396000
453183000
323000
4340083000
16786000
256744000
659529000
0
264134000
0
0
8377000
569349000
996000
7476000
0
2123000
234000
94091000
0
2325000
37556000
12232000
81143000
197000
581000
14458000
1197951000
73244000
0
110000
0
5367000
1008000
3168000
7022000
20990000
23843000
910000
14923000
61983000
43727000
520382000
8432000
891000
115690000
223000
8088000
3748000
39729000
252000
0
65088000
219749000
60416000
102124000
42083000
0
18182000
0
198408000
320464000
0
413573000
1283000
521000
26360000
13298000
0
2431000
2364000
100323000
3451000
1816000
0
63546000
9188000
10468000
0
130000
1363707000
36170000
276320000
520000
633000
40768000
448000
1320000
6929000
58567000
917000
3746000
32296000
445952000
25231000
270000
123348000
19818000
7138000
96688000
46085000
570000
2789080000
692963000
337068000
3136000
107223000
635924000
23944000
1285000
2953000
9558000
270821000
14445000
8041000
1361582000
7456000
7410000
421645000
886529000
528203000
37051000
29508000
0
89489000
139278000
166004000
0
0
23195000
18599000
0
28612000
124754000
2078000
227819000
15537000
913122000
83329000
0
38289000
952000
0
2379000
6585000
13456000
1486000
415760000
98537000
2454000
136894000
637994000
2027000
247816000
0
199106000
1845000
343334000
0
563000
2971000
2711000
290635000
12626000
1051000
2019000
0
106634000
40887000
1167000
19739000
97892000
7377000
3134000
6458000
12435000
0
41007000
5444000
3338000
10338000
0
17739000
26296000
1201328000
3300000
3767000
1611000
629000
324000
12618000
79715000
703000
359384000
6789000
4605000
409578000
74277000
3043000
949000
187535000
2769000
14473000
1281000
2330000
0
2722000
131000
0
2322525000
3344000
3111000
0
0
181489000
278337000
3003000
10195000
371000
79155000
695222000
2931000
2707000
9570000
1202000
0
2612000
48110000
460525000
0
2677000
3463000
0
180491000
2934000
0
46856000
691000
5016000
42235000
3034000
30548000
70851000
128980000
105454000
345000
750000
2478000
