0.23499031633311815
0.3157894736842105
0.09799713876967096
0.18617603655924217
0.07672270897466256
0.16802407932011332
0.09195402298850575
0.033198552883592254
0.04499084488621501
0.12861109757879866
0.02527646129541864
0.09428824212062369
0.09641532756489493
0.038157894736842106
0.0487315752531836
0.08399491902191172
0.0420097107874182
0.0
0.07845093415563215
0.048946052161486245
0.002167630057803468
0.05030355594102342
0.06368034961760574
0.08
0.0812124678295682
0.05208115457017361
0.0874187832250443
0.13855421686746988
0.07185781869326173
0.05691768826619965
0.07041504079460802
0.03803967327887981
0.050031269543464665
0.09691666666666666
0.12513188436378983
0.04721135029354207
0.032228571428571426
0.02631578947368421
0.0106951871657754
0.04044943820224719
0.04639175257731959
0.18123138033763656
0.13920491554127404
0.03089887640449438
0.027449728694541972
0.03393098129940235
0.0
0.05544109383779734
0.006097560975609756
0.07651686604159931
0.060217560217560216
0.10325542130533424
0.036527263102170464
0.059962029321801495
0.13925665975434678
0.06118421052631579
0.00423570449732154
0.02834008097165992
0.04223115014481921
0.058299595141700404
0.08191808191808192
0.0
0.021164021164021163
0.06269592476489028
0.04350736278447122
0.095
0.047960308710033074
0.05148883374689826
0.029407815227608432
0.0440771349862259
0.1025405592479323
0.0732133363712311
4.5934772622875517E-4
0.03055229142185664
0.03402530401670557
0.0071090047393364926
0.10372670807453416
0.02736842105263158
0.016022620169651274
0.0
0.05844155844155844
0.0
0.028634850166481686
0.011856870633072199
0.0030211480362537764
0.05927180355630821
0.033816425120772944
0.01972555746140652
0.04387926215762996
0.0013297872340425532
0.028969957081545063
0.01846085409252669
0.01878690284487386
0.036779324055666
0.0
0.15636363636363637
0.004649432769202157
0.07029502609436575
0.06548865494392014
0.04274451835427445
0.04632024453327063
0.04876015836632632
0.03813737884534345
0.03338788870703764
0.06328469630132338
0.0
0.0
0.008113590263691683
0.036996735582154515
0.03887629644893193
0.04078235538909696
0.046380885453267746
0.03417198648141194
0.0
0.0658876987990912
0.04665481782404469
0.031455482495112846
0.033855033855033856
0.023750443105281814
0.0
0.01593625498007968
0.0
0.045917213300158334
0.064360612269495
0.029897544603426956
0.01884460920605499
0.1297126553902588
0.06105211616733482
0.07584951456310679
0.0391494684177611
0.03476331360946745
0.02711323763955343
0.056487827936658
0.022641509433962263
0.02567027952082145
0.03646370829033368
0.0
0.0
0.025983951089033244
0.0688988078549239
0.0692998678996037
0.06511627906976744
0.0777516588058607
0.02664820903270462
0.0697443841982959
0.15205746792343147
0.006241640659830584
0.0402967170171616
0.0
0.0
0.06147186147186147
0.06828264522096997
0.03177570093457944
0.035955056179775284
0.003401360544217687
0.004176455233620465
0.03186907838070629
0.0653301735733043
0.0
0.04463586530931871
0.043108470231853664
0.056768558951965066
0.07933844678811122
0.04097452934662237
0.04279475982532751
0.06138068268789224
0.12250026927081463
0.05704448166759724
0.0
0.0989010989010989
0.0
0.02959444647424187
0.027696793002915453
0.020771513353115726
0.03828972559029994
0.04775687409551375
0.03547837204346899
0.03898635477582846
0.01960357220649096
0.06934404283801875
0.030156518888797838
0.02695040931838124
0.049221860296778865
0.02702702702702703
0.04311156441236466
0.05333333333333334
0.029028290282902828
0.015537041206935375
0.05768867032343484
0.055201698513800426
0.0
0.05794423916694659
0.06129862963303596
0.05149293760057214
0.07540634159339195
0.07002154509079717
0.0
0.033231368186874305
0.0
0.030695560067084474
0.05997022957577146
0.004241466314782054
0.07124900180414658
0.031612903225806455
0.006309148264984227
0.020778038977781146
0.02245508982035928
0.0
0.04113110539845758
0.0071174377224199285
0.04887686062246279
0.041970802919708027
0.02953353574385868
0.04819277108433735
0.033072456450391315
0.05506349375733646
0.03417904561588011
0.020527859237536656
0.05869074492099323
0.02966685967038149
0.04870394048587702
0.054118132151324605
0.02888446215139442
0.02278893109061313
0.01505328596802842
0.03417721518987342
0.009578544061302681
0.03560371517027864
0.02062840563300545
0.025230470645317808
0.0258349086326402
0.052676440504602795
0.047511475331042274
0.03218173213440606
0.044642857142857144
0.033586273436073955
0.039915411049431665
0.016586185177409195
0.05082765335929893
0.04382392864068257
0.006584043377226956
0.04384783940873893
0.056139504982320794
0.0518783542039356
0.02054195804195804
0.137448019260232
0.09204852170136196
0.02692381134237159
0.007289879931389366
0.028896672504378284
0.028122415219189414
0.04065226067620731
0.03163109756097561
0.030275059996307918
0.08277637283236994
0.014291808873720136
0.03412462908011869
0.06796852534441743
0.03565922648971111
0.1081562476807758
0.03212890625
0.045234671198849524
0.0
0.054780129070989045
0.03319771616123628
0.05117698343504795
0.0
0.0
0.01656333857684834
0.03866317169069463
0.0
0.03589420654911839
0.057341081593927895
0.006478315637934137
0.06513484949309116
0.04016165698408689
0.15164102264084714
0.0477512097922004
0.0
0.03597689075630252
0.004662004662004662
0.0625
0.03895004233700254
0.014568158168574402
0.024154589371980676
0.0369811320754717
0.10694270760965217
0.037692504041521316
0.03379040156709109
0.08899896141247902
0.09019809093708303
0.0027711797307996833
0.06646404147856792
0.040367483296213806
0.03827122472025459
0.007898351648351648
0.07065140093870004
0.0
0.041666666666666664
0.025780189959294438
0.010526315789473684
0.1002211845662325
0.06692344727973037
0.007556675062972292
0.0018547959724430313
0.0
0.03291005291005291
0.06880209184507273
0.010851135978297729
0.047286821705426356
0.009211482558139535
0.03840245775729647
0.024399542508577964
0.028964862298195632
0.03275637446491718
0.012048192771084338
0.042994710429947104
0.029024767801857584
0.03067993366500829
0.02634207240948814
0.0
0.047686401293190545
0.027188149218679434
0.07498004555453891
0.07603603603603604
0.030833917309039945
0.019639934533551555
0.009560906515580737
0.05241935483870968
0.009934280910897143
0.0668238187967613
0.018195050946142648
0.08097451647713123
0.01266213712168005
0.019353831746527234
0.09173795587573165
0.022616673314718786
0.017214878573624345
0.0186219739292365
0.05865030674846626
0.008865569024787407
0.022338498691889717
0.037076271186440676
0.006635071090047393
0.0
0.047149894440534836
0.05956112852664577
0.0
0.07725229661730208
0.026448852586542202
0.014666666666666666
0.009409304756926294
0.0
0.0534933079222073
0.10383874076453582
0.02416254805052169
0.026594788858939802
0.031088082901554404
0.052343666201866354
0.10541067095054175
0.023887973640856673
0.017777777777777778
0.02822708531557247
0.030193780982424517
0.0
0.008949599623174752
0.04969778374748153
0.06750255885363357
0.0
0.0068359375
0.024017467248908297
0.0
0.06005820619102214
0.029153169828782972
0.0
0.057614246431844963
0.019654556283502083
0.0230980751604033
0.0395304504866058
0.03
0.03465675209135573
0.05922509225092251
0.05318394553963977
0.04923076923076923
0.041584158415841586
0.032082653616095705
0.03728173666823974
